.HEADER
..NAMES
Time,V U2.T8
.DATA
0.0e+00,1.1999
2.33e-11,1.1999
4.65e-11,1.1999
6.98e-11,1.1999
9.31e-11,1.1999
1.163e-10,1.1999
1.396e-10,1.1999
1.629e-10,1.1999
1.861e-10,1.1999
2.094e-10,1.1999
2.327e-10,1.1999
2.559e-10,1.1999
2.792e-10,1.1999
3.025e-10,1.1999
3.257e-10,1.1999
3.490e-10,1.1984
3.723e-10,1.1848
3.955e-10,1.1433
4.188e-10,1.0541
4.421e-10,0.9279
4.653e-10,0.8070
4.886e-10,0.6967
5.119e-10,0.5593
5.351e-10,0.3881
5.584e-10,0.2281
5.817e-10,0.1066
6.049e-10,0.0143
6.282e-10,-0.0568
6.515e-10,-0.1079
6.747e-10,-0.1383
6.980e-10,-0.1519
7.213e-10,-0.1568
7.445e-10,-0.1612
7.678e-10,-0.1644
7.911e-10,-0.1613
8.143e-10,-0.1583
8.376e-10,-0.1641
8.609e-10,-0.1774
8.841e-10,-0.1911
9.074e-10,-0.1993
9.307e-10,-0.1961
9.539e-10,-0.1758
9.772e-10,-0.1437
1.0005e-09,-0.1124
1.0237e-09,-0.0827
1.0470e-09,-0.0415
1.0703e-09,0.0146
1.0935e-09,0.0697
1.1168e-09,0.1083
1.1401e-09,0.1294
1.1633e-09,0.1387
1.1866e-09,0.1384
1.2099e-09,0.1275
1.2332e-09,0.1077
1.2564e-09,0.0855
1.2797e-09,0.0665
1.3030e-09,0.0505
1.3262e-09,0.0350
1.3495e-09,0.0233
1.3728e-09,0.0215
1.3960e-09,0.0290
1.4193e-09,0.0391
1.4426e-09,0.0465
1.4658e-09,0.0486
1.4891e-09,0.0451
1.5124e-09,0.0379
1.5356e-09,0.0302
1.5589e-09,0.0212
1.5822e-09,0.0064
1.6054e-09,-0.0154
1.6287e-09,-0.0347
1.6520e-09,-0.0302
1.6752e-09,0.0284
1.6985e-09,0.1444
1.7218e-09,0.2684
1.7450e-09,0.3806
1.7683e-09,0.5158
1.7916e-09,0.6939
1.8148e-09,0.8729
1.8381e-09,1.0160
1.8614e-09,1.1271
1.8846e-09,1.2110
1.9079e-09,1.2666
1.9312e-09,1.2933
1.9544e-09,1.2982
1.9777e-09,1.2936
2.0010e-09,1.2906
2.0242e-09,1.2908
2.0475e-09,1.2862
2.0708e-09,1.2805
2.0940e-09,1.2839
2.1173e-09,1.2995
2.1406e-09,1.3222
2.1638e-09,1.3448
2.1871e-09,1.3577
2.2104e-09,1.3493
2.2336e-09,1.3219
2.2569e-09,1.2909
2.2802e-09,1.2627
2.3034e-09,1.2246
2.3267e-09,1.1684
2.3500e-09,1.1078
2.3732e-09,1.0616
2.3965e-09,1.0348
2.4198e-09,1.0237
2.4430e-09,1.0274
2.4663e-09,1.0466
2.4896e-09,1.0778
2.5128e-09,1.1121
2.5361e-09,1.1410
2.5594e-09,1.1639
2.5826e-09,1.1846
2.6059e-09,1.2014
2.6292e-09,1.2070
2.6524e-09,1.1995
2.6757e-09,1.1846
2.6990e-09,1.1696
2.7222e-09,1.1596
2.7455e-09,1.1577
2.7688e-09,1.1628
2.7920e-09,1.1701
2.8153e-09,1.1783
2.8386e-09,1.1918
2.8618e-09,1.2141
2.8851e-09,1.2405
2.9084e-09,1.2626
2.9316e-09,1.2758
2.9549e-09,1.2801
2.9782e-09,1.2760
3.0014e-09,1.2635
3.0247e-09,1.2438
3.0480e-09,1.2217
3.0712e-09,1.2019
3.0945e-09,1.1858
3.1178e-09,1.1722
3.1410e-09,1.1628
3.1643e-09,1.1618
3.1876e-09,1.1705
3.2108e-09,1.1846
3.2341e-09,1.1987
3.2574e-09,1.2091
3.2806e-09,1.2151
3.3039e-09,1.2174
3.3272e-09,1.2174
3.3504e-09,1.2154
3.3737e-09,1.2100
3.3970e-09,1.2002
3.4202e-09,1.1876
3.4435e-09,1.1759
3.4668e-09,1.1678
3.4901e-09,1.1644
3.5133e-09,1.1655
3.5366e-09,1.1711
3.5599e-09,1.1807
3.5831e-09,1.1923
3.6064e-09,1.2039
3.6297e-09,1.2144
3.6529e-09,1.2234
3.6762e-09,1.2295
3.6995e-09,1.2300
3.7227e-09,1.2240
3.7460e-09,1.2139
3.7693e-09,1.2034
3.7925e-09,1.1949
3.8158e-09,1.1891
3.8391e-09,1.1857
3.8623e-09,1.1845
3.8856e-09,1.1855
3.9089e-09,1.1890
3.9321e-09,1.1948
3.9554e-09,1.2021
3.9787e-09,1.2091
4.0019e-09,1.2143
4.0252e-09,1.2169
4.0485e-09,1.2170
4.0717e-09,1.2147
4.0950e-09,1.2098
4.1183e-09,1.1942
4.1415e-09,1.1526
4.1648e-09,1.0655
4.1881e-09,0.9366
4.2113e-09,0.8100
4.2346e-09,0.6995
4.2579e-09,0.5710
4.2811e-09,0.4085
4.3044e-09,0.2509
4.3277e-09,0.1298
4.3509e-09,0.0375
4.3742e-09,-0.0342
4.3975e-09,-0.0875
4.4207e-09,-0.1219
4.4440e-09,-0.1404
4.4673e-09,-0.1505
4.4905e-09,-0.1598
4.5138e-09,-0.1684
4.5371e-09,-0.1696
4.5603e-09,-0.1677
4.5836e-09,-0.1720
4.6069e-09,-0.1833
4.6301e-09,-0.1952
4.6534e-09,-0.2019
4.6767e-09,-0.1980
4.6999e-09,-0.1768
4.7232e-09,-0.1423
4.7465e-09,-0.1079
4.7697e-09,-0.0777
4.7930e-09,-0.0400
4.8163e-09,0.0117
4.8395e-09,0.0645
4.8628e-09,0.1022
4.8861e-09,0.1225
4.9093e-09,0.1310
4.9326e-09,0.1309
4.9559e-09,0.1214
4.9791e-09,0.1042
5.0024e-09,0.0846
5.0257e-09,0.0685
5.0489e-09,0.0555
5.0722e-09,0.0424
5.0955e-09,0.0310
5.1187e-09,0.0276
5.1420e-09,0.0332
5.1653e-09,0.0420
5.1885e-09,0.0484
5.2118e-09,0.0496
5.2351e-09,0.0449
5.2583e-09,0.0361
5.2816e-09,0.0268
5.3049e-09,0.0175
5.3281e-09,0.0041
5.3514e-09,-0.0157
5.3747e-09,-0.0349
5.3979e-09,-0.0342
5.4212e-09,0.0148
5.4445e-09,0.1254
5.4677e-09,0.2514
5.4910e-09,0.3630
5.5143e-09,0.4908
5.5375e-09,0.6629
5.5608e-09,0.8429
5.5841e-09,0.9888
5.6073e-09,1.1029
5.6306e-09,1.1916
5.6539e-09,1.2525
5.6771e-09,1.2851
5.7004e-09,1.2945
5.7237e-09,1.2924
5.7469e-09,1.2906
5.7702e-09,1.2925
5.7935e-09,1.2901
5.8168e-09,1.2844
5.8400e-09,1.2863
5.8633e-09,1.2999
5.8866e-09,1.3208
5.9098e-09,1.3428
5.9331e-09,1.3570
5.9564e-09,1.3516
5.9796e-09,1.3255
6.0029e-09,1.2938
6.0262e-09,1.2655
6.0494e-09,1.2303
6.0727e-09,1.1771
6.0960e-09,1.1171
6.1192e-09,1.0697
6.1425e-09,1.0412
6.1658e-09,1.0282
6.1890e-09,1.0293
6.2123e-09,1.0455
6.2356e-09,1.0744
6.2588e-09,1.1077
6.2821e-09,1.1366
6.3054e-09,1.1591
6.3286e-09,1.1793
6.3519e-09,1.1968
6.3752e-09,1.2045
6.3984e-09,1.1992
6.4217e-09,1.1859
6.4450e-09,1.1715
6.4682e-09,1.1610
6.4915e-09,1.1582
6.5148e-09,1.1629
6.5380e-09,1.1705
6.5613e-09,1.1785
6.5846e-09,1.1906
6.6078e-09,1.2069
6.6311e-09,1.2097
6.6544e-09,1.1733
6.6776e-09,1.0764
6.7009e-09,0.9531
6.7242e-09,0.8374
6.7474e-09,0.7087
6.7707e-09,0.5332
6.7940e-09,0.3378
6.8172e-09,0.1751
6.8405e-09,0.0508
6.8638e-09,-0.0466
6.8870e-09,-0.1196
6.9103e-09,-0.1639
6.9336e-09,-0.1785
6.9568e-09,-0.1734
6.9801e-09,-0.1630
7.0034e-09,-0.1568
7.0266e-09,-0.1504
7.0499e-09,-0.1428
7.0732e-09,-0.1428
7.0964e-09,-0.1542
7.1197e-09,-0.1732
7.1430e-09,-0.1941
7.1662e-09,-0.2108
7.1895e-09,-0.2126
7.2128e-09,-0.1939
7.2360e-09,-0.1648
7.2593e-09,-0.1348
7.2826e-09,-0.0968
7.3058e-09,-0.0388
7.3291e-09,0.0311
7.3524e-09,0.0915
7.3756e-09,0.1324
7.3989e-09,0.1574
7.4222e-09,0.1695
7.4454e-09,0.1662
7.4687e-09,0.1458
7.4920e-09,0.1145
7.5152e-09,0.0828
7.5385e-09,0.0568
7.5618e-09,0.0347
7.5850e-09,0.0160
7.6083e-09,0.0064
7.6316e-09,0.0096
7.6548e-09,0.0220
7.6781e-09,0.0367
7.7014e-09,0.0491
7.7246e-09,0.0560
7.7479e-09,0.0560
7.7712e-09,0.0514
7.7944e-09,0.0443
7.8177e-09,0.0317
7.8410e-09,0.0096
7.8642e-09,-0.0185
7.8875e-09,-0.0373
7.9108e-09,-0.0199
7.9340e-09,0.0606
7.9573e-09,0.1814
7.9806e-09,0.2986
8.0038e-09,0.4177
8.0271e-09,0.5778
8.0504e-09,0.7688
8.0736e-09,0.9411
8.0969e-09,1.0752
8.1202e-09,1.1779
8.1435e-09,1.2514
8.1667e-09,1.2936
8.1900e-09,1.3075
8.2133e-09,1.3027
8.2365e-09,1.2928
8.2598e-09,1.2870
8.2831e-09,1.2820
8.3063e-09,1.2740
8.3296e-09,1.2708
8.3529e-09,1.2807
8.3761e-09,1.3022
8.3994e-09,1.3289
8.4227e-09,1.3524
8.4459e-09,1.3609
8.4692e-09,1.3466
8.4925e-09,1.3184
8.5157e-09,1.2901
8.5390e-09,1.2587
8.5623e-09,1.2100
8.5855e-09,1.1458
8.6088e-09,1.0856
8.6321e-09,1.0438
8.6553e-09,1.0212
8.6786e-09,1.0148
8.7019e-09,1.0251
8.7251e-09,1.0515
8.7484e-09,1.0878
8.7717e-09,1.1240
8.7949e-09,1.1536
8.8182e-09,1.1780
8.8415e-09,1.1992
8.8647e-09,1.2123
8.8880e-09,1.2114
8.9113e-09,1.1985
8.9345e-09,1.1810
8.9578e-09,1.1654
8.9811e-09,1.1565
9.0043e-09,1.1560
9.0276e-09,1.1610
9.0509e-09,1.1677
9.0741e-09,1.1777
9.0974e-09,1.1948
9.1207e-09,1.2093
9.1439e-09,1.1977
9.1672e-09,1.1309
9.1905e-09,1.0154
9.2137e-09,0.8955
9.2370e-09,0.7771
9.2603e-09,0.6226
9.2835e-09,0.4278
9.3068e-09,0.2430
9.3301e-09,0.0988
9.3533e-09,-0.0132
9.3766e-09,-0.0989
9.3999e-09,-0.1564
9.4231e-09,-0.1825
9.4464e-09,-0.1825
9.4697e-09,-0.1703
9.4929e-09,-0.1594
9.5162e-09,-0.1519
9.5395e-09,-0.1427
9.5627e-09,-0.1372
9.5860e-09,-0.1430
9.6093e-09,-0.1594
9.6325e-09,-0.1812
9.6558e-09,-0.2025
9.6791e-09,-0.2142
9.7023e-09,-0.2062
9.7256e-09,-0.1813
9.7489e-09,-0.1520
9.7721e-09,-0.1196
9.7954e-09,-0.0710
9.8187e-09,-0.0035
9.8419e-09,0.0651
9.8652e-09,0.1174
9.8885e-09,0.1512
9.9117e-09,0.1706
9.9350e-09,0.1751
9.9583e-09,0.1617
9.9815e-09,0.1330
1.00048e-08,0.0987
1.00281e-08,0.0682
1.00513e-08,0.0432
1.00746e-08,0.0215
1.00979e-08,0.0062
1.01211e-08,0.0034
1.01444e-08,0.0127
1.01677e-08,0.0279
1.01909e-08,0.0429
1.02142e-08,0.0538
1.02375e-08,0.0578
1.02607e-08,0.0555
1.02840e-08,0.0499
1.03073e-08,0.0407
1.03305e-08,0.0232
1.03538e-08,-0.0036
1.03771e-08,-0.0335
1.04003e-08,-0.0585
1.04236e-08,-0.0752
1.04469e-08,-0.0842
1.04702e-08,-0.0851
1.04934e-08,-0.0759
1.05167e-08,-0.0575
1.05400e-08,-0.0346
1.05632e-08,-0.0126
1.05865e-08,0.0064
1.06098e-08,0.0225
1.06330e-08,0.0331
1.06563e-08,0.0344
1.06796e-08,0.0262
1.07028e-08,0.0130
1.07261e-08,-0.0003
1.07494e-08,-0.0110
1.07726e-08,-0.0184
1.07959e-08,-0.0224
1.08192e-08,-0.0235
1.08424e-08,-0.0212
1.08657e-08,-0.0142
1.08890e-08,-0.0025
1.09122e-08,0.0114
1.09355e-08,0.0243
1.09588e-08,0.0339
1.09820e-08,0.0398
1.10053e-08,0.0415
1.10286e-08,0.0382
1.10518e-08,0.0296
1.10751e-08,0.0175
1.10984e-08,0.0044
1.11216e-08,-0.0081
1.11449e-08,-0.0193
1.11682e-08,-0.0270
1.11914e-08,-0.0286
1.12147e-08,-0.0237
1.12380e-08,-0.0147
1.12612e-08,-0.0047
1.12845e-08,0.0041
1.13078e-08,0.0112
1.13310e-08,0.0162
1.13543e-08,0.0185
1.13776e-08,0.0178
1.14008e-08,0.0140
1.14241e-08,0.0076
1.14474e-08,-0.0000
1.14706e-08,-0.0074
1.14939e-08,-0.0132
1.15172e-08,-0.0170
1.15404e-08,-0.0186
1.15637e-08,-0.0178
1.15870e-08,-0.0144
1.16102e-08,-0.0088
1.16335e-08,-0.0020
1.16568e-08,0.0054
1.16800e-08,0.0126
1.17033e-08,0.0181
1.17266e-08,0.0203
1.17498e-08,0.0186
1.17731e-08,0.0137
1.17964e-08,0.0075
1.18196e-08,0.0012
1.18429e-08,-0.0046
1.18662e-08,-0.0091
1.18894e-08,-0.0117
1.19127e-08,-0.0119
1.19360e-08,-0.0097
1.19592e-08,-0.0057
1.19825e-08,-0.0007
1.20058e-08,0.0041
1.20290e-08,0.0080
1.20523e-08,0.0105
1.20756e-08,0.0116
1.20988e-08,0.0113
1.21221e-08,0.0098
1.21454e-08,0.0072
1.21686e-08,0.0038
1.21919e-08,-0.0002
1.22152e-08,-0.0044
1.22384e-08,-0.0079
1.22617e-08,-0.0099
1.22850e-08,-0.0098
1.23082e-08,-0.0078
1.23315e-08,-0.0046
1.23548e-08,-0.0008
1.23780e-08,0.0032
1.24013e-08,0.0068
1.24246e-08,0.0093
1.24478e-08,0.0102
1.24711e-08,0.0093
1.24944e-08,0.0069
1.25176e-08,0.0037
1.25409e-08,0.0002
1.25642e-08,-0.0027
1.25874e-08,-0.0046
1.26107e-08,-0.0054
1.26340e-08,-0.0053
1.26572e-08,-0.0044
1.26805e-08,-0.0029
1.27038e-08,-0.0010
1.27270e-08,0.0013
1.27503e-08,0.0036
1.27736e-08,0.0056
1.27968e-08,0.0068
1.28201e-08,0.0071
1.28434e-08,0.0065
1.28667e-08,0.0051
1.28899e-08,0.0032
1.29132e-08,0.0009
1.29365e-08,-0.0015
1.29597e-08,-0.0035
1.29830e-08,-0.0047
1.30063e-08,-0.0047
1.30295e-08,-0.0036
1.30528e-08,-0.0017
1.30761e-08,0.0006
1.30993e-08,0.0028
1.31226e-08,0.0044
1.31459e-08,0.0053
1.31691e-08,0.0055
1.31924e-08,0.0049
1.32157e-08,0.0039
1.32389e-08,0.0026
1.32622e-08,0.0011
1.32855e-08,-0.0003
1.33087e-08,-0.0014
1.33320e-08,-0.0020
1.33553e-08,-0.0022
1.33785e-08,-0.0020
1.34018e-08,-0.0014
1.34251e-08,-0.0005
1.34483e-08,0.0007
1.34716e-08,0.0020
1.34949e-08,0.0033
1.35181e-08,0.0043
1.35414e-08,0.0047
1.35647e-08,0.0044
1.35879e-08,0.0035
1.36112e-08,0.0022
1.36345e-08,0.0008
1.36577e-08,-0.0005
1.36810e-08,-0.0014
1.37043e-08,-0.0018
1.37275e-08,-0.0017
1.37508e-08,-0.0011
1.37741e-08,-0.0001
1.37973e-08,0.0010
1.38206e-08,0.0020
1.38439e-08,0.0028
1.38671e-08,0.0032
1.38904e-08,0.0032
1.39137e-08,0.0030
1.39369e-08,0.0026
1.39602e-08,0.0022
1.39835e-08,0.0016
1.40067e-08,0.0009
1.40300e-08,0.0002
1.40533e-08,-0.0003
1.40765e-08,-0.0007
1.40998e-08,-0.0007
1.41231e-08,0.0018
1.41463e-08,0.0172
1.41696e-08,0.0669
1.41929e-08,0.1661
1.42161e-08,0.2840
1.42394e-08,0.3874
1.42627e-08,0.4974
1.42859e-08,0.6444
1.43092e-08,0.8075
1.43325e-08,0.9455
1.43557e-08,1.0538
1.43790e-08,1.1408
1.44023e-08,1.2069
1.44255e-08,1.2518
1.44488e-08,1.2765
1.44721e-08,1.2872
1.44953e-08,1.2927
1.45186e-08,1.2977
1.45419e-08,1.2978
1.45651e-08,1.2927
1.45884e-08,1.2919
1.46117e-08,1.2994
1.46349e-08,1.3115
1.46582e-08,1.3237
1.46815e-08,1.3310
1.47047e-08,1.3250
1.47280e-08,1.3028
1.47513e-08,1.2755
1.47745e-08,1.2525
1.47978e-08,1.2264
1.48211e-08,1.1858
1.48443e-08,1.1363
1.48676e-08,1.0951
1.48909e-08,1.0699
1.49141e-08,1.0577
1.49374e-08,1.0552
1.49607e-08,1.0630
1.49839e-08,1.0812
1.50072e-08,1.1053
1.50305e-08,1.1285
1.50537e-08,1.1480
1.50770e-08,1.1662
1.51003e-08,1.1832
1.51236e-08,1.1935
1.51468e-08,1.1933
1.51701e-08,1.1862
1.51934e-08,1.1779
1.52166e-08,1.1720
1.52399e-08,1.1711
1.52632e-08,1.1753
1.52864e-08,1.1814
1.53097e-08,1.1870
1.53330e-08,1.1951
1.53562e-08,1.2099
1.53795e-08,1.2297
1.54028e-08,1.2478
1.54260e-08,1.2590
1.54493e-08,1.2631
1.54726e-08,1.2619
1.54958e-08,1.2554
1.55191e-08,1.2432
1.55424e-08,1.2276
1.55656e-08,1.2122
1.55889e-08,1.1991
1.56122e-08,1.1875
1.56354e-08,1.1779
1.56587e-08,1.1736
1.56820e-08,1.1768
1.57052e-08,1.1853
1.57285e-08,1.1948
1.57518e-08,1.2024
1.57750e-08,1.2071
1.57983e-08,1.2095
1.58216e-08,1.2104
1.58448e-08,1.2102
1.58681e-08,1.2077
1.58914e-08,1.2017
1.59146e-08,1.1929
1.59379e-08,1.1840
1.59612e-08,1.1777
1.59844e-08,1.1748
1.60077e-08,1.1749
1.60310e-08,1.1778
1.60542e-08,1.1835
1.60775e-08,1.1914
1.61008e-08,1.1998
1.61240e-08,1.2078
1.61473e-08,1.2150
1.61706e-08,1.2208
1.61938e-08,1.2230
1.62171e-08,1.2205
1.62404e-08,1.2142
1.62636e-08,1.2069
1.62869e-08,1.2007
1.63102e-08,1.1961
1.63334e-08,1.1930
1.63567e-08,1.1911
1.63800e-08,1.1906
1.64032e-08,1.1921
1.64265e-08,1.1956
1.64498e-08,1.2007
1.64730e-08,1.2059
1.64963e-08,1.2100
1.65196e-08,1.2122
1.65428e-08,1.2128
1.65661e-08,1.2118
1.65894e-08,1.2094
1.66126e-08,1.2059
1.66359e-08,1.2016
1.66592e-08,1.1971
1.66824e-08,1.1926
1.67057e-08,1.1889
1.67290e-08,1.1872
1.67522e-08,1.1883
1.67755e-08,1.1919
1.67988e-08,1.1964
1.68220e-08,1.2007
1.68453e-08,1.2042
1.68686e-08,1.2070
1.68918e-08,1.2088
1.69151e-08,1.2094
1.69384e-08,1.2084
1.69616e-08,1.2060
1.69849e-08,1.2026
1.70082e-08,1.1991
1.70314e-08,1.1963
1.70547e-08,1.1946
1.70780e-08,1.1941
1.71012e-08,1.1945
1.71245e-08,1.1957
1.71478e-08,1.1973
1.71710e-08,1.1995
1.71943e-08,1.2020
1.72176e-08,1.2047
1.72408e-08,1.2070
1.72641e-08,1.2083
1.72874e-08,1.2080
1.73106e-08,1.2064
1.73339e-08,1.2040
1.73572e-08,1.2015
1.73804e-08,1.1991
1.74037e-08,1.1970
1.74270e-08,1.1954
1.74502e-08,1.1947
1.74735e-08,1.1951
1.74968e-08,1.1966
1.75201e-08,1.1988
1.75433e-08,1.2013
1.75666e-08,1.2033
1.75899e-08,1.2046
1.76131e-08,1.2051
1.76364e-08,1.2049
1.76597e-08,1.2042
1.76829e-08,1.2032
1.77062e-08,1.2019
1.77295e-08,1.2004
1.77527e-08,1.1989
1.77760e-08,1.1975
1.77993e-08,1.1967
1.78225e-08,1.1967
1.78458e-08,1.1974
1.78691e-08,1.1985
1.78923e-08,1.1999
1.79156e-08,1.2012
1.79389e-08,1.2026
1.79621e-08,1.2038
1.79854e-08,1.2046
1.80087e-08,1.2046
1.80319e-08,1.2039
1.80552e-08,1.2025
1.80785e-08,1.2009
1.81017e-08,1.1995
1.81250e-08,1.1984
1.81483e-08,1.1979
1.81715e-08,1.1979
1.81948e-08,1.1983
1.82181e-08,1.1989
1.82413e-08,1.1998
1.82646e-08,1.2008
1.82879e-08,1.2018
1.83111e-08,1.2026
1.83344e-08,1.2031
1.83577e-08,1.2031
1.83809e-08,1.2027
1.84042e-08,1.2021
1.84275e-08,1.2015
1.84507e-08,1.2007
1.84740e-08,1.1999
1.84973e-08,1.1991
1.85205e-08,1.1986
1.85438e-08,1.1984
1.85671e-08,1.1986
1.85903e-08,1.1993
1.86136e-08,1.2002
1.86369e-08,1.2012
1.86601e-08,1.2020
1.86834e-08,1.2025
1.87067e-08,1.2026
1.87299e-08,1.2025
1.87532e-08,1.2021
1.87765e-08,1.2015
1.87997e-08,1.2008
1.88230e-08,1.2000
1.88463e-08,1.1995
1.88695e-08,1.1992
1.88928e-08,1.1992
1.89161e-08,1.1994
1.89393e-08,1.1998
1.89626e-08,1.2002
1.89859e-08,1.2006
1.90091e-08,1.2010
1.90324e-08,1.2015
1.90557e-08,1.2018
1.90789e-08,1.2020
1.91022e-08,1.2019
1.91255e-08,1.2016
1.91487e-08,1.2012
1.91720e-08,1.2006
1.91953e-08,1.2001
1.92185e-08,1.1997
1.92418e-08,1.1994
1.92651e-08,1.1994
1.92883e-08,1.1996
1.93116e-08,1.1999
1.93349e-08,1.2004
1.93581e-08,1.2009
1.93814e-08,1.2014
1.94047e-08,1.2016
1.94279e-08,1.2016
1.94512e-08,1.2015
1.94745e-08,1.2012
1.94977e-08,1.2009
1.95210e-08,1.2006
1.95443e-08,1.2004
1.95675e-08,1.2001
1.95908e-08,1.1999
1.96141e-08,1.1999
1.96373e-08,1.1999
1.96606e-08,1.2000
1.96839e-08,1.2002
1.97071e-08,1.2005
1.97304e-08,1.2008
1.97537e-08,1.2010
1.97769e-08,1.2012
1.98002e-08,1.2013
1.98235e-08,1.2013
1.98468e-08,1.2012
1.98700e-08,1.2009
1.98933e-08,1.2005
1.99166e-08,1.2002
1.99398e-08,1.2000
1.99631e-08,1.1999
1.99864e-08,1.1999
2.00096e-08,1.2001
2.00329e-08,1.2003
2.00562e-08,1.2005
2.00794e-08,1.2007
2.01027e-08,1.2009
2.01260e-08,1.2010
2.01492e-08,1.2010
2.01725e-08,1.2010
2.01958e-08,1.2009
2.02190e-08,1.2007
2.02423e-08,1.2006
2.02656e-08,1.2005
2.02888e-08,1.2003
2.03121e-08,1.2002
2.03354e-08,1.2000
2.03586e-08,1.1956
2.03819e-08,1.1726
2.04052e-08,1.1141
2.04284e-08,1.0049
2.04517e-08,0.8770
2.04750e-08,0.7622
2.04982e-08,0.6456
2.05215e-08,0.4915
2.05448e-08,0.3185
2.05680e-08,0.1733
2.05913e-08,0.0648
2.06146e-08,-0.0182
2.06378e-08,-0.0813
2.06611e-08,-0.1235
2.06844e-08,-0.1460
2.07076e-08,-0.1547
2.07309e-08,-0.1583
2.07542e-08,-0.1627
2.07774e-08,-0.1631
2.08007e-08,-0.1588
2.08240e-08,-0.1586
2.08472e-08,-0.1681
2.08705e-08,-0.1825
2.08938e-08,-0.1946
2.09170e-08,-0.1992
2.09403e-08,-0.1893
2.09636e-08,-0.1629
2.09868e-08,-0.1298
2.10101e-08,-0.1000
2.10334e-08,-0.0672
2.10566e-08,-0.0192
2.10799e-08,0.0390
2.11032e-08,0.0888
2.11264e-08,0.1198
2.11497e-08,0.1355
2.11730e-08,0.1409
2.11962e-08,0.1363
2.12195e-08,0.1211
2.12428e-08,0.0993
2.12660e-08,0.0778
2.12893e-08,0.0602
2.13126e-08,0.0443
2.13358e-08,0.0296
2.13591e-08,0.0213
2.13824e-08,0.0238
2.14056e-08,0.0334
2.14289e-08,0.0430
2.14522e-08,0.0485
2.14754e-08,0.0484
2.14987e-08,0.0429
2.15220e-08,0.0352
2.15452e-08,0.0274
2.15685e-08,0.0167
2.15918e-08,-0.0013
2.16150e-08,-0.0240
2.16383e-08,-0.0368
2.16616e-08,-0.0140
2.16848e-08,0.0715
2.17081e-08,0.1975
2.17314e-08,0.3150
2.17546e-08,0.4309
2.17779e-08,0.5857
2.18012e-08,0.7712
2.18244e-08,0.9370
2.18477e-08,1.0657
2.18710e-08,1.1660
2.18942e-08,1.2384
2.19175e-08,1.2819
2.19408e-08,1.2984
2.19640e-08,1.2976
2.19873e-08,1.2925
2.20106e-08,1.2914
2.20338e-08,1.2903
2.20571e-08,1.2839
2.20804e-08,1.2809
2.21037e-08,1.2897
2.21269e-08,1.3089
2.21502e-08,1.3324
2.21735e-08,1.3526
2.21967e-08,1.3578
2.22200e-08,1.3403
2.22433e-08,1.3094
2.22665e-08,1.2801
2.22898e-08,1.2499
2.23131e-08,1.2040
2.23363e-08,1.1433
2.23596e-08,1.0870
2.23829e-08,1.0489
2.24061e-08,1.0288
2.24294e-08,1.0237
2.24527e-08,1.0338
2.24759e-08,1.0587
2.24992e-08,1.0924
2.25225e-08,1.1253
2.25457e-08,1.1514
2.25690e-08,1.1731
2.25923e-08,1.1930
2.26155e-08,1.2059
2.26388e-08,1.2058
2.26621e-08,1.1944
2.26853e-08,1.1787
2.27086e-08,1.1652
2.27319e-08,1.1582
2.27551e-08,1.1596
2.27784e-08,1.1662
2.28017e-08,1.1736
2.28249e-08,1.1833
2.28482e-08,1.2004
2.28715e-08,1.2253
2.28947e-08,1.2509
2.29180e-08,1.2696
2.29413e-08,1.2791
2.29645e-08,1.2800
2.29878e-08,1.2725
2.30111e-08,1.2567
2.30343e-08,1.2352
2.30576e-08,1.2136
2.30809e-08,1.1954
2.31041e-08,1.1803
2.31274e-08,1.1680
2.31507e-08,1.1615
2.31739e-08,1.1647
2.31972e-08,1.1763
2.32205e-08,1.1911
2.32437e-08,1.2039
2.32670e-08,1.2126
2.32903e-08,1.2169
2.33135e-08,1.2181
2.33368e-08,1.2174
2.33601e-08,1.2142
2.33833e-08,1.2069
2.34066e-08,1.1956
2.34299e-08,1.1829
2.34531e-08,1.1725
2.34764e-08,1.1663
2.34997e-08,1.1647
2.35229e-08,1.1676
2.35462e-08,1.1750
2.35695e-08,1.1857
2.35927e-08,1.1976
2.36160e-08,1.2087
2.36393e-08,1.2187
2.36625e-08,1.2269
2.36858e-08,1.2310
2.37091e-08,1.2287
2.37323e-08,1.2207
2.37556e-08,1.2099
2.37789e-08,1.2000
2.38021e-08,1.1926
2.38254e-08,1.1878
2.38487e-08,1.1853
2.38719e-08,1.1850
2.38952e-08,1.1870
2.39185e-08,1.1915
2.39417e-08,1.1981
2.39650e-08,1.2055
2.39883e-08,1.2119
2.40115e-08,1.2161
2.40348e-08,1.2177
2.40581e-08,1.2168
2.40813e-08,1.2137
2.41046e-08,1.2089
2.41279e-08,1.2030
2.41511e-08,1.1968
2.41744e-08,1.1905
2.41977e-08,1.1850
2.42209e-08,1.1818
2.42442e-08,1.1824
2.42675e-08,1.1867
2.42907e-08,1.1931
2.43140e-08,1.1997
2.43373e-08,1.2053
2.43605e-08,1.2095
2.43838e-08,1.2121
2.44071e-08,1.2128
2.44303e-08,1.2116
2.44536e-08,1.2084
2.44769e-08,1.2039
2.45002e-08,1.1990
2.45234e-08,1.1947
2.45467e-08,1.1918
2.45700e-08,1.1907
2.45932e-08,1.1912
2.46165e-08,1.1927
2.46398e-08,1.1951
2.46630e-08,1.1980
2.46863e-08,1.2014
2.47096e-08,1.2050
2.47328e-08,1.2084
2.47561e-08,1.2107
2.47794e-08,1.2110
2.48026e-08,1.2092
2.48259e-08,1.2059
2.48492e-08,1.2021
2.48724e-08,1.1985
2.48957e-08,1.1953
2.49190e-08,1.1930
2.49422e-08,1.1918
2.49655e-08,1.1922
2.49888e-08,1.1941
2.50120e-08,1.1971
2.50353e-08,1.2006
2.50586e-08,1.2038
2.50818e-08,1.2059
2.51051e-08,1.2068
2.51284e-08,1.2066
2.51516e-08,1.2056
2.51749e-08,1.2041
2.51982e-08,1.2024
2.52214e-08,1.2004
2.52447e-08,1.1983
2.52680e-08,1.1964
2.52912e-08,1.1950
2.53145e-08,1.1946
2.53378e-08,1.1953
2.53610e-08,1.1968
2.53843e-08,1.1988
2.54076e-08,1.2008
2.54308e-08,1.2029
2.54541e-08,1.2046
2.54774e-08,1.2058
2.55006e-08,1.2060
2.55239e-08,1.2052
2.55472e-08,1.2035
2.55704e-08,1.2012
2.55937e-08,1.1989
2.56170e-08,1.1972
2.56402e-08,1.1963
2.56635e-08,1.1962
2.56868e-08,1.1968
2.57100e-08,1.1978
2.57333e-08,1.1991
2.57566e-08,1.2004
2.57798e-08,1.2018
2.58031e-08,1.2029
2.58264e-08,1.2037
2.58496e-08,1.2038
2.58729e-08,1.2034
2.58962e-08,1.2027
2.59194e-08,1.2017
2.59427e-08,1.2007
2.59660e-08,1.1995
2.59892e-08,1.1985
2.60125e-08,1.1976
2.60358e-08,1.1971
2.60590e-08,1.1973
2.60823e-08,1.1981
2.61056e-08,1.1994
2.61288e-08,1.2008
2.61521e-08,1.2021
2.61754e-08,1.2030
2.61986e-08,1.2033
2.62219e-08,1.2032
2.62452e-08,1.2026
2.62684e-08,1.2017
2.62917e-08,1.2007
2.63150e-08,1.1997
2.63382e-08,1.1988
2.63615e-08,1.1984
2.63848e-08,1.1983
2.64080e-08,1.1986
2.64313e-08,1.1991
2.64546e-08,1.1997
2.64778e-08,1.2003
2.65011e-08,1.2009
2.65244e-08,1.2015
2.65476e-08,1.2019
2.65709e-08,1.2023
2.65942e-08,1.2015
2.66174e-08,1.1913
2.66407e-08,1.1562
2.66640e-08,1.0769
2.66872e-08,0.9534
2.67105e-08,0.8294
2.67338e-08,0.7195
2.67570e-08,0.5902
2.67803e-08,0.4228
2.68036e-08,0.2575
2.68269e-08,0.1298
2.68501e-08,0.0333
2.68734e-08,-0.0412
2.68967e-08,-0.0963
2.69199e-08,-0.1310
2.69432e-08,-0.1477
2.69665e-08,-0.1543
2.69897e-08,-0.1589
2.70130e-08,-0.1636
2.70363e-08,-0.1620
2.70595e-08,-0.1585
2.70828e-08,-0.1626
2.71061e-08,-0.1751
2.71293e-08,-0.1892
2.71526e-08,-0.1986
2.71759e-08,-0.1980
2.71991e-08,-0.1807
2.72224e-08,-0.1496
2.72457e-08,-0.1173
2.72689e-08,-0.0880
2.72922e-08,-0.0499
2.73155e-08,0.0042
2.73387e-08,0.0609
2.73620e-08,0.1027
2.73853e-08,0.1262
2.74085e-08,0.1371
2.74318e-08,0.1386
2.74551e-08,0.1297
2.74783e-08,0.1115
2.75016e-08,0.0895
2.75249e-08,0.0701
2.75481e-08,0.0542
2.75714e-08,0.0388
2.75947e-08,0.0260
2.76179e-08,0.0221
2.76412e-08,0.0283
2.76645e-08,0.0383
2.76877e-08,0.0463
2.77110e-08,0.0493
2.77343e-08,0.0466
2.77575e-08,0.0397
2.77808e-08,0.0318
2.78041e-08,0.0234
2.78273e-08,0.0100
2.78506e-08,-0.0110
2.78739e-08,-0.0348
2.78971e-08,-0.0536
2.79204e-08,-0.0638
2.79437e-08,-0.0668
2.79669e-08,-0.0644
2.79902e-08,-0.0564
2.80135e-08,-0.0431
2.80367e-08,-0.0273
2.80600e-08,-0.0125
2.80833e-08,0.0000
2.81065e-08,0.0110
2.81298e-08,0.0188
2.81531e-08,0.0200
2.81763e-08,0.0139
2.81996e-08,0.0043
2.82229e-08,-0.0042
2.82461e-08,-0.0096
2.82694e-08,-0.0122
2.82927e-08,-0.0130
2.83159e-08,-0.0128
2.83392e-08,-0.0109
2.83625e-08,-0.0058
2.83857e-08,0.0031
2.84090e-08,0.0139
2.84323e-08,0.0233
2.84555e-08,0.0292
2.84788e-08,0.0313
2.85021e-08,0.0305
2.85253e-08,0.0267
2.85486e-08,0.0201
2.85719e-08,0.0115
2.85951e-08,0.0025
2.86184e-08,-0.0059
2.86417e-08,-0.0133
2.86649e-08,-0.0183
2.86882e-08,-0.0190
2.87115e-08,-0.0147
2.87347e-08,-0.0078
2.87580e-08,-0.0010
2.87813e-08,0.0041
2.88045e-08,0.0077
2.88278e-08,0.0101
2.88511e-08,0.0114
2.88743e-08,0.0109
2.88976e-08,0.0083
2.89209e-08,0.0036
2.89441e-08,-0.0021
2.89674e-08,-0.0074
2.89907e-08,-0.0111
2.90139e-08,-0.0128
2.90372e-08,-0.0129
2.90605e-08,-0.0115
2.90838e-08,-0.0087
2.91070e-08,-0.0044
2.91303e-08,0.0049
2.91536e-08,0.0327
2.91768e-08,0.1027
2.92001e-08,0.2163
2.92234e-08,0.3311
2.92466e-08,0.4295
2.92699e-08,0.5458
2.92932e-08,0.6987
2.93164e-08,0.8539
2.93397e-08,0.9791
2.93630e-08,1.0781
2.93862e-08,1.1575
2.94095e-08,1.2171
2.94328e-08,1.2568
2.94560e-08,1.2789
2.94793e-08,1.2901
2.95026e-08,1.2983
2.95258e-08,1.3043
2.95491e-08,1.3026
2.95724e-08,1.2974
2.95956e-08,1.2983
2.96189e-08,1.3063
2.96422e-08,1.3168
2.96654e-08,1.3258
2.96887e-08,1.3273
2.97120e-08,1.3131
2.97352e-08,1.2860
2.97585e-08,1.2595
2.97818e-08,1.2384
2.98050e-08,1.2108
2.98283e-08,1.1684
2.98516e-08,1.1221
2.98748e-08,1.0877
2.98981e-08,1.0689
2.99214e-08,1.0610
2.99446e-08,1.0616
2.99679e-08,1.0718
2.99912e-08,1.0907
3.00144e-08,1.1130
3.00377e-08,1.1330
3.00610e-08,1.1502
3.00842e-08,1.1678
3.01075e-08,1.1835
3.01308e-08,1.1910
3.01540e-08,1.1888
3.01773e-08,1.1818
3.02006e-08,1.1753
3.02238e-08,1.1723
3.02471e-08,1.1746
3.02704e-08,1.1809
3.02936e-08,1.1871
3.03169e-08,1.1924
3.03402e-08,1.2013
3.03634e-08,1.2169
3.03867e-08,1.2356
3.04100e-08,1.2505
3.04332e-08,1.2581
3.04565e-08,1.2595
3.04798e-08,1.2564
3.05030e-08,1.2485
3.05263e-08,1.2361
3.05496e-08,1.2216
3.05728e-08,1.2084
3.05961e-08,1.1969
3.06194e-08,1.1864
3.06426e-08,1.1781
3.06659e-08,1.1759
3.06892e-08,1.1807
3.07124e-08,1.1893
3.07357e-08,1.1975
3.07590e-08,1.2032
3.07822e-08,1.2062
3.08055e-08,1.2074
3.08288e-08,1.2078
3.08520e-08,1.2073
3.08753e-08,1.2044
3.08986e-08,1.1979
3.09218e-08,1.1894
3.09451e-08,1.1819
3.09684e-08,1.1775
3.09916e-08,1.1763
3.10149e-08,1.1776
3.10382e-08,1.1812
3.10614e-08,1.1872
3.10847e-08,1.1946
3.11080e-08,1.2020
3.11312e-08,1.2089
3.11545e-08,1.2153
3.11778e-08,1.2199
3.12010e-08,1.2208
3.12243e-08,1.2171
3.12476e-08,1.2107
3.12708e-08,1.2042
3.12941e-08,1.1992
3.13174e-08,1.1957
3.13406e-08,1.1933
3.13639e-08,1.1919
3.13872e-08,1.1919
3.14105e-08,1.1937
3.14337e-08,1.1975
3.14570e-08,1.2023
3.14803e-08,1.2069
3.15035e-08,1.2100
3.15268e-08,1.2113
3.15501e-08,1.2111
3.15733e-08,1.2096
3.15966e-08,1.2071
3.16199e-08,1.2037
3.16431e-08,1.1999
3.16664e-08,1.1958
3.16897e-08,1.1919
3.17129e-08,1.1890
3.17362e-08,1.1882
3.17595e-08,1.1901
3.17827e-08,1.1938
3.18060e-08,1.1980
3.18293e-08,1.2015
3.18525e-08,1.2044
3.18758e-08,1.2066
3.18991e-08,1.2080
3.19223e-08,1.2082
3.19456e-08,1.2069
3.19689e-08,1.2044
3.19921e-08,1.2011
3.20154e-08,1.1981
3.20387e-08,1.1958
3.20619e-08,1.1947
3.20852e-08,1.1947
3.21085e-08,1.1954
3.21317e-08,1.1966
3.21550e-08,1.1982
3.21783e-08,1.2002
3.22015e-08,1.2026
3.22248e-08,1.2049
3.22481e-08,1.2068
3.22713e-08,1.2075
3.22946e-08,1.2067
3.23179e-08,1.2049
3.23411e-08,1.2027
3.23644e-08,1.2005
3.23877e-08,1.1985
3.24109e-08,1.1967
3.24342e-08,1.1955
3.24575e-08,1.1951
3.24807e-08,1.1958
3.25040e-08,1.1974
3.25273e-08,1.1995
3.25505e-08,1.2017
3.25738e-08,1.2034
3.25971e-08,1.2043
3.26203e-08,1.2045
3.26436e-08,1.2041
3.26669e-08,1.2034
3.26901e-08,1.2024
3.27134e-08,1.2012
3.27367e-08,1.1998
3.27599e-08,1.1984
3.27832e-08,1.1973
3.28065e-08,1.1968
3.28297e-08,1.1971
3.28530e-08,1.1979
3.28763e-08,1.1990
3.28995e-08,1.2002
3.29228e-08,1.2014
3.29461e-08,1.2026
3.29693e-08,1.2036
3.29926e-08,1.2041
3.30159e-08,1.2039
3.30391e-08,1.2031
3.30624e-08,1.2017
3.30857e-08,1.2003
3.31089e-08,1.1990
3.31322e-08,1.1982
3.31555e-08,1.1980
3.31787e-08,1.1981
3.32020e-08,1.1985
3.32253e-08,1.1992
3.32485e-08,1.2000
3.32718e-08,1.2010
3.32951e-08,1.2019
3.33183e-08,1.2025
3.33416e-08,1.2027
3.33649e-08,1.2026
3.33881e-08,1.2022
3.34114e-08,1.2016
3.34347e-08,1.2010
3.34579e-08,1.2003
3.34812e-08,1.1996
3.35045e-08,1.1990
3.35277e-08,1.1985
3.35510e-08,1.1985
3.35743e-08,1.1988
3.35975e-08,1.1995
3.36208e-08,1.2004
3.36441e-08,1.2012
3.36673e-08,1.2019
3.36906e-08,1.2022
3.37139e-08,1.2023
3.37372e-08,1.2021
3.37604e-08,1.2017
3.37837e-08,1.2011
3.38070e-08,1.2004
3.38302e-08,1.1998
3.38535e-08,1.1993
3.38768e-08,1.1991
3.39000e-08,1.1992
3.39233e-08,1.1995
3.39466e-08,1.1999
3.39698e-08,1.2003
3.39931e-08,1.2006
3.40164e-08,1.2010
3.40396e-08,1.2014
3.40629e-08,1.2016
3.40862e-08,1.2015
3.41094e-08,1.1962
3.41327e-08,1.1715
3.41560e-08,1.1093
3.41792e-08,0.9955
3.42025e-08,0.8687
3.42258e-08,0.7584
3.42490e-08,0.6401
3.42723e-08,0.4809
3.42956e-08,0.3089
3.43188e-08,0.1699
3.43421e-08,0.0645
3.43654e-08,-0.0179
3.43886e-08,-0.0801
3.44119e-08,-0.1216
3.44352e-08,-0.1434
3.44584e-08,-0.1524
3.44817e-08,-0.1571
3.45050e-08,-0.1627
3.45282e-08,-0.1629
3.45515e-08,-0.1585
3.45748e-08,-0.1597
3.45980e-08,-0.1702
3.46213e-08,-0.1845
3.46446e-08,-0.1957
3.46678e-08,-0.1994
3.46911e-08,-0.1880
3.47144e-08,-0.1601
3.47376e-08,-0.1274
3.47609e-08,-0.0987
3.47842e-08,-0.0652
3.48074e-08,-0.0151
3.48307e-08,0.0431
3.48540e-08,0.0904
3.48772e-08,0.1193
3.49005e-08,0.1342
3.49238e-08,0.1393
3.49470e-08,0.1341
3.49703e-08,0.1185
3.49936e-08,0.0969
3.50168e-08,0.0763
3.50401e-08,0.0597
3.50634e-08,0.0440
3.50866e-08,0.0294
3.51099e-08,0.0221
3.51332e-08,0.0256
3.51564e-08,0.0351
3.51797e-08,0.0439
3.52030e-08,0.0488
3.52262e-08,0.0480
3.52495e-08,0.0421
3.52728e-08,0.0345
3.52960e-08,0.0268
3.53193e-08,0.0156
3.53426e-08,-0.0032
3.53658e-08,-0.0260
3.53891e-08,-0.0372
3.54124e-08,-0.0109
3.54356e-08,0.0765
3.54589e-08,0.2012
3.54822e-08,0.3169
3.55054e-08,0.4344
3.55287e-08,0.5910
3.55520e-08,0.7752
3.55752e-08,0.9380
3.55985e-08,1.0651
3.56218e-08,1.1651
3.56450e-08,1.2367
3.56683e-08,1.2792
3.56916e-08,1.2955
3.57148e-08,1.2956
3.57381e-08,1.2917
3.57614e-08,1.2914
3.57846e-08,1.2903
3.58079e-08,1.2839
3.58312e-08,1.2815
3.58544e-08,1.2909
3.58777e-08,1.3104
3.59010e-08,1.3337
3.59242e-08,1.3531
3.59475e-08,1.3570
3.59708e-08,1.3386
3.59940e-08,1.3082
3.60173e-08,1.2793
3.60406e-08,1.2485
3.60638e-08,1.2018
3.60871e-08,1.1414
3.61104e-08,1.0865
3.61337e-08,1.0494
3.61569e-08,1.0298
3.61802e-08,1.0250
3.62035e-08,1.0357
3.62267e-08,1.0608
3.62500e-08,1.0940
3.62733e-08,1.1260
3.62965e-08,1.1515
3.63198e-08,1.1731
3.63431e-08,1.1928
3.63663e-08,1.2052
3.63896e-08,1.2046
3.64129e-08,1.1931
3.64361e-08,1.1778
3.64594e-08,1.1648
3.64827e-08,1.1584
3.65059e-08,1.1601
3.65292e-08,1.1667
3.65525e-08,1.1740
3.65757e-08,1.1839
3.65990e-08,1.2014
3.66223e-08,1.2263
3.66455e-08,1.2514
3.66688e-08,1.2696
3.66921e-08,1.2787
3.67153e-08,1.2793
3.67386e-08,1.2715
3.67619e-08,1.2554
3.67851e-08,1.2342
3.68084e-08,1.2130
3.68317e-08,1.1952
3.68549e-08,1.1803
3.68782e-08,1.1681
3.69015e-08,1.1621
3.69247e-08,1.1657
3.69480e-08,1.1773
3.69713e-08,1.1917
3.69945e-08,1.2042
3.70178e-08,1.2125
3.70411e-08,1.2167
3.70643e-08,1.2178
3.70876e-08,1.2171
3.71109e-08,1.2138
3.71341e-08,1.2064
3.71574e-08,1.1951
3.71807e-08,1.1826
3.72039e-08,1.1724
3.72272e-08,1.1664
3.72505e-08,1.1650
3.72737e-08,1.1681
3.72970e-08,1.1756
3.73203e-08,1.1863
3.73435e-08,1.1980
3.73668e-08,1.2090
3.73901e-08,1.2189
3.74133e-08,1.2268
3.74366e-08,1.2306
3.74599e-08,1.2281
3.74831e-08,1.2200
3.75064e-08,1.2094
3.75297e-08,1.1998
3.75529e-08,1.1926
3.75762e-08,1.1879
3.75995e-08,1.1855
3.76227e-08,1.1853
3.76460e-08,1.1873
3.76693e-08,1.1918
3.76925e-08,1.1984
3.77158e-08,1.2057
3.77391e-08,1.2120
3.77623e-08,1.2160
3.77856e-08,1.2175
3.78089e-08,1.2165
3.78321e-08,1.2133
3.78554e-08,1.2050
3.78787e-08,1.1790
3.79019e-08,1.1193
3.79252e-08,1.0079
3.79485e-08,0.8747
3.79717e-08,0.7592
3.79950e-08,0.6475
3.80183e-08,0.5008
3.80415e-08,0.3329
3.80648e-08,0.1925
3.80881e-08,0.0878
3.81113e-08,0.0060
3.81346e-08,-0.0577
3.81579e-08,-0.1030
3.81811e-08,-0.1298
3.82044e-08,-0.1438
3.82277e-08,-0.1531
3.82509e-08,-0.1635
3.82742e-08,-0.1694
3.82975e-08,-0.1677
3.83207e-08,-0.1680
3.83440e-08,-0.1765
3.83673e-08,-0.1891
3.83905e-08,-0.1988
3.84138e-08,-0.2013
3.84371e-08,-0.1897
3.84603e-08,-0.1608
3.84836e-08,-0.1248
3.85069e-08,-0.0935
3.85302e-08,-0.0622
3.85534e-08,-0.0175
3.85767e-08,0.0376
3.86000e-08,0.0843
3.86232e-08,0.1127
3.86465e-08,0.1265
3.86698e-08,0.1312
3.86930e-08,0.1272
3.87163e-08,0.1140
3.87396e-08,0.0949
3.87628e-08,0.0767
3.87861e-08,0.0629
3.88094e-08,0.0503
3.88326e-08,0.0371
3.88559e-08,0.0288
3.88792e-08,0.0302
3.89024e-08,0.0382
3.89257e-08,0.0461
3.89490e-08,0.0500
3.89722e-08,0.0483
3.89955e-08,0.0411
3.90188e-08,0.0317
3.90420e-08,0.0230
3.90653e-08,0.0126
3.90886e-08,-0.0040
3.91118e-08,-0.0254
3.91351e-08,-0.0384
3.91584e-08,-0.0182
3.91816e-08,0.0627
3.92049e-08,0.1867
3.92282e-08,0.3068
3.92514e-08,0.4213
3.92747e-08,0.5698
3.92980e-08,0.7508
3.93212e-08,0.9178
3.93445e-08,1.0484
3.93678e-08,1.1498
3.93910e-08,1.2251
3.94143e-08,1.2717
3.94376e-08,1.2920
3.94608e-08,1.2944
3.94841e-08,1.2914
3.95074e-08,1.2918
3.95306e-08,1.2924
3.95539e-08,1.2877
3.95772e-08,1.2844
3.96004e-08,1.2917
3.96237e-08,1.3095
3.96470e-08,1.3320
3.96702e-08,1.3519
3.96935e-08,1.3578
3.97168e-08,1.3414
3.97400e-08,1.3105
3.97633e-08,1.2803
3.97866e-08,1.2505
3.98098e-08,1.2071
3.98331e-08,1.1487
3.98564e-08,1.0927
3.98796e-08,1.0539
3.99029e-08,1.0332
3.99262e-08,1.0272
3.99494e-08,1.0357
3.99727e-08,1.0587
3.99960e-08,1.0909
4.00192e-08,1.1228
4.00425e-08,1.1484
4.00658e-08,1.1694
4.00890e-08,1.1887
4.01123e-08,1.2023
4.01356e-08,1.2039
4.01588e-08,1.1939
4.01821e-08,1.1791
4.02054e-08,1.1659
4.02286e-08,1.1588
4.02519e-08,1.1600
4.02752e-08,1.1668
4.02984e-08,1.1746
4.03217e-08,1.1839
4.03450e-08,1.2000
4.03682e-08,1.2237
4.03915e-08,1.2488
4.04148e-08,1.2677
4.04380e-08,1.2774
4.04613e-08,1.2786
4.04846e-08,1.2716
4.05078e-08,1.2567
4.05311e-08,1.2361
4.05544e-08,1.2151
4.05776e-08,1.1973
4.06009e-08,1.1827
4.06242e-08,1.1706
4.06474e-08,1.1638
4.06707e-08,1.1658
4.06940e-08,1.1764
4.07173e-08,1.1905
4.07405e-08,1.2031
4.07638e-08,1.2117
4.07871e-08,1.2160
4.08103e-08,1.2172
4.08336e-08,1.2165
4.08569e-08,1.2136
4.08801e-08,1.2069
4.09034e-08,1.1962
4.09267e-08,1.1839
4.09499e-08,1.1735
4.09732e-08,1.1673
4.09965e-08,1.1655
4.10197e-08,1.1683
4.10430e-08,1.1753
4.10663e-08,1.1856
4.10895e-08,1.1971
4.11128e-08,1.2079
4.11361e-08,1.2175
4.11593e-08,1.2254
4.11826e-08,1.2297
4.12059e-08,1.2281
4.12291e-08,1.2207
4.12524e-08,1.2104
4.12757e-08,1.2007
4.12989e-08,1.1934
4.13222e-08,1.1887
4.13455e-08,1.1863
4.13687e-08,1.1858
4.13920e-08,1.1875
4.14153e-08,1.1916
4.14385e-08,1.1978
4.14618e-08,1.2050
4.14851e-08,1.2113
4.15083e-08,1.2156
4.15316e-08,1.2172
4.15549e-08,1.2164
4.15781e-08,1.2135
4.16014e-08,1.2069
4.16247e-08,1.1854
4.16479e-08,1.1342
4.16712e-08,1.0339
4.16945e-08,0.9015
4.17177e-08,0.7790
4.17410e-08,0.6684
4.17643e-08,0.5312
4.17875e-08,0.3652
4.18108e-08,0.2149
4.18341e-08,0.1022
4.18573e-08,0.0165
4.18806e-08,-0.0503
4.19039e-08,-0.0986
4.19271e-08,-0.1284
4.19504e-08,-0.1439
4.19737e-08,-0.1528
4.19969e-08,-0.1622
4.20202e-08,-0.1691
4.20435e-08,-0.1686
4.20667e-08,-0.1673
4.20900e-08,-0.1736
4.21133e-08,-0.1858
4.21365e-08,-0.1969
4.21598e-08,-0.2013
4.21831e-08,-0.1933
4.22063e-08,-0.1679
4.22296e-08,-0.1321
4.22529e-08,-0.0990
4.22761e-08,-0.0684
4.22994e-08,-0.0273
4.23227e-08,0.0264
4.23459e-08,0.0766
4.23692e-08,0.1097
4.23925e-08,0.1262
4.24157e-08,0.1323
4.24390e-08,0.1298
4.24623e-08,0.1182
4.24855e-08,0.0997
4.25088e-08,0.0805
4.25321e-08,0.0652
4.25553e-08,0.0524
4.25786e-08,0.0393
4.26019e-08,0.0293
4.26251e-08,0.0284
4.26484e-08,0.0356
4.26717e-08,0.0443
4.26949e-08,0.0495
4.27182e-08,0.0492
4.27415e-08,0.0431
4.27647e-08,0.0338
4.27880e-08,0.0247
4.28113e-08,0.0149
4.28345e-08,-0.0001
4.28578e-08,-0.0212
4.28811e-08,-0.0425
4.29043e-08,-0.0570
4.29276e-08,-0.0632
4.29509e-08,-0.0629
4.29742e-08,-0.0579
4.29974e-08,-0.0480
4.30207e-08,-0.0343
4.30440e-08,-0.0199
4.30672e-08,-0.0077
4.30905e-08,0.0024
4.31138e-08,0.0112
4.31370e-08,0.0166
4.31603e-08,0.0155
4.31836e-08,0.0082
4.32068e-08,-0.0007
4.32301e-08,-0.0073
4.32534e-08,-0.0107
4.32766e-08,-0.0115
4.32999e-08,-0.0109
4.33232e-08,-0.0095
4.33464e-08,-0.0066
4.33697e-08,-0.0007
4.33930e-08,0.0084
4.34162e-08,0.0183
4.34395e-08,0.0259
4.34628e-08,0.0296
4.34860e-08,0.0299
4.35093e-08,0.0274
4.35326e-08,0.0223
4.35558e-08,0.0151
4.35791e-08,0.0069
4.36024e-08,-0.0009
4.36256e-08,-0.0078
4.36489e-08,-0.0136
4.36722e-08,-0.0168
4.36954e-08,-0.0157
4.37187e-08,-0.0104
4.37420e-08,-0.0037
4.37652e-08,0.0020
4.37885e-08,0.0058
4.38118e-08,0.0082
4.38350e-08,0.0095
4.38583e-08,0.0099
4.38816e-08,0.0087
4.39048e-08,0.0056
4.39281e-08,0.0009
4.39514e-08,-0.0044
4.39746e-08,-0.0088
4.39979e-08,-0.0114
4.40212e-08,-0.0121
4.40444e-08,-0.0113
4.40677e-08,-0.0091
4.40910e-08,-0.0059
4.41142e-08,-0.0010
4.41375e-08,0.0115
4.41608e-08,0.0492
4.41840e-08,0.1354
4.42073e-08,0.2538
4.42306e-08,0.3627
4.42538e-08,0.4623
4.42771e-08,0.5913
4.43004e-08,0.7499
4.43236e-08,0.8979
4.43469e-08,1.0150
4.43702e-08,1.1078
4.43934e-08,1.1808
4.44167e-08,1.2338
4.44400e-08,1.2672
4.44632e-08,1.2844
4.44865e-08,1.2934
4.45098e-08,1.3009
4.45330e-08,1.3044
4.45563e-08,1.3004
4.45796e-08,1.2962
4.46028e-08,1.2994
4.46261e-08,1.3087
4.46494e-08,1.3195
4.46726e-08,1.3275
4.46959e-08,1.3249
4.47192e-08,1.3059
4.47424e-08,1.2776
4.47657e-08,1.2533
4.47890e-08,1.2318
4.48122e-08,1.1995
4.48355e-08,1.1539
4.48588e-08,1.1097
4.48820e-08,1.0799
4.49053e-08,1.0646
4.49286e-08,1.0593
4.49518e-08,1.0630
4.49751e-08,1.0764
4.49984e-08,1.0974
4.50216e-08,1.1197
4.50449e-08,1.1389
4.50682e-08,1.1563
4.50914e-08,1.1740
4.51147e-08,1.1877
4.51380e-08,1.1920
4.51612e-08,1.1876
4.51845e-08,1.1801
4.52078e-08,1.1741
4.52310e-08,1.1725
4.52543e-08,1.1763
4.52776e-08,1.1829
4.53008e-08,1.1886
4.53241e-08,1.1943
4.53474e-08,1.2052
4.53707e-08,1.2225
4.53939e-08,1.2409
4.54172e-08,1.2539
4.54405e-08,1.2596
4.54637e-08,1.2596
4.54870e-08,1.2551
4.55103e-08,1.2456
4.55335e-08,1.2321
4.55568e-08,1.2175
4.55801e-08,1.2047
4.56033e-08,1.1934
4.56266e-08,1.1831
4.56499e-08,1.1763
4.56731e-08,1.1763
4.56964e-08,1.1829
4.57197e-08,1.1919
4.57429e-08,1.1997
4.57662e-08,1.2046
4.57895e-08,1.2070
4.58127e-08,1.2079
4.58360e-08,1.2082
4.58593e-08,1.2071
4.58825e-08,1.2031
4.59058e-08,1.1957
4.59291e-08,1.1871
4.59523e-08,1.1803
4.59756e-08,1.1768
4.59989e-08,1.1763
4.60221e-08,1.1783
4.60454e-08,1.1827
4.60687e-08,1.1893
4.60919e-08,1.1969
4.61152e-08,1.2043
4.61385e-08,1.2112
4.61617e-08,1.2173
4.61850e-08,1.2211
4.62083e-08,1.2205
4.62315e-08,1.2157
4.62548e-08,1.2089
4.62781e-08,1.2026
4.63013e-08,1.1980
4.63246e-08,1.1948
4.63479e-08,1.1927
4.63711e-08,1.1917
4.63944e-08,1.1922
4.64177e-08,1.1947
4.64409e-08,1.1989
4.64642e-08,1.2039
4.64875e-08,1.2082
4.65107e-08,1.2108
4.65340e-08,1.2116
4.65573e-08,1.2110
4.65805e-08,1.2092
4.66038e-08,1.2037
4.66271e-08,1.1820
4.66503e-08,1.1289
4.66736e-08,1.0252
4.66969e-08,0.8936
4.67201e-08,0.7733
4.67434e-08,0.6611
4.67667e-08,0.5182
4.67899e-08,0.3493
4.68132e-08,0.2003
4.68365e-08,0.0890
4.68597e-08,0.0042
4.68830e-08,-0.0610
4.69063e-08,-0.1068
4.69295e-08,-0.1337
4.69528e-08,-0.1467
4.69761e-08,-0.1539
4.69993e-08,-0.1618
4.70226e-08,-0.1668
4.70459e-08,-0.1650
4.70691e-08,-0.1639
4.70924e-08,-0.1713
4.71157e-08,-0.1845
4.71389e-08,-0.1961
4.71622e-08,-0.2008
4.71855e-08,-0.1922
4.72087e-08,-0.1663
4.72320e-08,-0.1312
4.72553e-08,-0.0991
4.72785e-08,-0.0679
4.73018e-08,-0.0246
4.73251e-08,0.0309
4.73483e-08,0.0813
4.73716e-08,0.1139
4.73949e-08,0.1301
4.74181e-08,0.1357
4.74414e-08,0.1323
4.74647e-08,0.1192
4.74879e-08,0.0994
4.75112e-08,0.0793
4.75345e-08,0.0634
4.75577e-08,0.0497
4.75810e-08,0.0360
4.76043e-08,0.0266
4.76275e-08,0.0269
4.76508e-08,0.0351
4.76741e-08,0.0442
4.76973e-08,0.0496
4.77206e-08,0.0493
4.77439e-08,0.0433
4.77672e-08,0.0345
4.77904e-08,0.0258
4.78137e-08,0.0157
4.78370e-08,-0.0002
4.78602e-08,-0.0218
4.78835e-08,-0.0372
4.79068e-08,-0.0231
4.79300e-08,0.0501
4.79533e-08,0.1735
4.79766e-08,0.2953
4.79998e-08,0.4085
4.80231e-08,0.5527
4.80464e-08,0.7347
4.80696e-08,0.9063
4.80929e-08,1.0404
4.81162e-08,1.1450
4.81394e-08,1.2228
4.81627e-08,1.2723
4.81860e-08,1.2942
4.82092e-08,1.2967
4.82325e-08,1.2925
4.82558e-08,1.2915
4.82790e-08,1.2923
4.83023e-08,1.2874
4.83256e-08,1.2833
4.83488e-08,1.2894
4.83721e-08,1.3067
4.83954e-08,1.3293
4.84186e-08,1.3502
4.84419e-08,1.3589
4.84652e-08,1.3451
4.84884e-08,1.3150
4.85117e-08,1.2842
4.85350e-08,1.2551
4.85582e-08,1.2134
4.85815e-08,1.1550
4.86048e-08,1.0971
4.86280e-08,1.0558
4.86513e-08,1.0332
4.86746e-08,1.0256
4.86978e-08,1.0326
4.87211e-08,1.0546
4.87444e-08,1.0869
4.87676e-08,1.1201
4.87909e-08,1.1469
4.88142e-08,1.1684
4.88374e-08,1.1882
4.88607e-08,1.2029
4.88840e-08,1.2056
4.89072e-08,1.1962
4.89305e-08,1.1812
4.89538e-08,1.1673
4.89770e-08,1.1591
4.90003e-08,1.1593
4.90236e-08,1.1656
4.90468e-08,1.1733
4.90701e-08,1.1823
4.90934e-08,1.1975
4.91166e-08,1.2210
4.91399e-08,1.2468
4.91632e-08,1.2668
4.91864e-08,1.2776
4.92097e-08,1.2798
4.92330e-08,1.2738
4.92562e-08,1.2595
4.92795e-08,1.2390
4.93028e-08,1.2173
4.93260e-08,1.1987
4.93493e-08,1.1837
4.93726e-08,1.1711
4.93958e-08,1.1634
4.94191e-08,1.1645
4.94424e-08,1.1746
4.94656e-08,1.1889
4.94889e-08,1.2021
4.95122e-08,1.2114
4.95354e-08,1.2163
4.95587e-08,1.2178
4.95820e-08,1.2172
4.96052e-08,1.2146
4.96285e-08,1.2083
4.96518e-08,1.1978
4.96750e-08,1.1853
4.96983e-08,1.1744
4.97216e-08,1.1676
4.97448e-08,1.1653
4.97681e-08,1.1674
4.97914e-08,1.1740
4.98146e-08,1.1842
4.98379e-08,1.1959
4.98612e-08,1.2071
4.98844e-08,1.2170
4.99077e-08,1.2253
4.99310e-08,1.2302
4.99542e-08,1.2293
4.99775e-08,1.2222
5.00008e-08,1.2118
5.00240e-08,1.2018
5.00473e-08,1.1940
5.00706e-08,1.1890
5.00939e-08,1.1862
5.01171e-08,1.1855
5.01404e-08,1.1871
5.01637e-08,1.1910
5.01869e-08,1.1971
5.02102e-08,1.2044
5.02335e-08,1.2110
5.02567e-08,1.2155
5.02800e-08,1.2175
5.03033e-08,1.2170
5.03265e-08,1.2143
5.03498e-08,1.2080
5.03731e-08,1.1879
5.03963e-08,1.1388
5.04196e-08,1.0405
5.04429e-08,0.9086
5.04661e-08,0.7866
5.04894e-08,0.6767
5.05127e-08,0.5399
5.05359e-08,0.3739
5.05592e-08,0.2234
5.05825e-08,0.1099
5.06057e-08,0.0223
5.06290e-08,-0.0459
5.06523e-08,-0.0954
5.06755e-08,-0.1261
5.06988e-08,-0.1422
5.07221e-08,-0.1516
5.07453e-08,-0.1614
5.07686e-08,-0.1688
5.07919e-08,-0.1684
5.08151e-08,-0.1671
5.08384e-08,-0.1733
5.08617e-08,-0.1853
5.08849e-08,-0.1964
5.09082e-08,-0.2013
5.09315e-08,-0.1942
5.09547e-08,-0.1694
5.09780e-08,-0.1339
5.10013e-08,-0.1009
5.10245e-08,-0.0705
5.10478e-08,-0.0297
5.10711e-08,0.0239
5.10943e-08,0.0743
5.11176e-08,0.1079
5.11409e-08,0.1252
5.11641e-08,0.1319
5.11874e-08,0.1301
5.12107e-08,0.1188
5.12339e-08,0.1005
5.12572e-08,0.0814
5.12805e-08,0.0662
5.13037e-08,0.0534
5.13270e-08,0.0401
5.13503e-08,0.0299
5.13735e-08,0.0287
5.13968e-08,0.0356
5.14201e-08,0.0441
5.14433e-08,0.0494
5.14666e-08,0.0494
5.14899e-08,0.0436
5.15131e-08,0.0344
5.15364e-08,0.0254
5.15597e-08,0.0158
5.15829e-08,0.0009
5.16062e-08,-0.0201
5.16295e-08,-0.0414
5.16527e-08,-0.0562
5.16760e-08,-0.0627
5.16993e-08,-0.0628
5.17225e-08,-0.0581
5.17458e-08,-0.0485
5.17691e-08,-0.0348
5.17923e-08,-0.0204
5.18156e-08,-0.0082
5.18389e-08,0.0019
5.18621e-08,0.0108
5.18854e-08,0.0165
5.19087e-08,0.0156
5.19319e-08,0.0086
5.19552e-08,-0.0002
5.19785e-08,-0.0069
5.20017e-08,-0.0104
5.20250e-08,-0.0114
5.20483e-08,-0.0108
5.20715e-08,-0.0095
5.20948e-08,-0.0067
5.21181e-08,-0.0009
5.21413e-08,0.0080
5.21646e-08,0.0179
5.21879e-08,0.0256
5.22111e-08,0.0295
5.22344e-08,0.0300
5.22577e-08,0.0277
5.22809e-08,0.0227
5.23042e-08,0.0155
5.23275e-08,0.0073
5.23507e-08,-0.0004
5.23740e-08,-0.0074
5.23973e-08,-0.0132
5.24205e-08,-0.0166
5.24438e-08,-0.0156
5.24671e-08,-0.0105
5.24904e-08,-0.0039
5.25136e-08,0.0019
5.25369e-08,0.0057
5.25602e-08,0.0081
5.25834e-08,0.0096
5.26067e-08,0.0100
5.26300e-08,0.0089
5.26532e-08,0.0059
5.26765e-08,0.0012
5.26998e-08,-0.0040
5.27230e-08,-0.0085
5.27463e-08,-0.0112
5.27696e-08,-0.0120
5.27928e-08,-0.0112
5.28161e-08,-0.0092
5.28394e-08,-0.0060
5.28626e-08,-0.0012
5.28859e-08,0.0102
5.29092e-08,0.0435
5.29324e-08,0.1238
5.29557e-08,0.2423
5.29790e-08,0.3527
5.30022e-08,0.4509
5.30255e-08,0.5757
5.30488e-08,0.7343
5.30720e-08,0.8849
5.30953e-08,1.0045
5.31186e-08,1.1001
5.31418e-08,1.1752
5.31651e-08,1.2306
5.31884e-08,1.2659
5.32116e-08,1.2842
5.32349e-08,1.2934
5.32582e-08,1.3008
5.32814e-08,1.3051
5.33047e-08,1.3013
5.33280e-08,1.2964
5.33512e-08,1.2988
5.33745e-08,1.3077
5.33978e-08,1.3184
5.34210e-08,1.3268
5.34443e-08,1.3260
5.34676e-08,1.3087
5.34908e-08,1.2806
5.35141e-08,1.2556
5.35374e-08,1.2347
5.35606e-08,1.2041
5.35839e-08,1.1589
5.36072e-08,1.1137
5.36304e-08,1.0823
5.36537e-08,1.0656
5.36770e-08,1.0593
5.37002e-08,1.0619
5.37235e-08,1.0742
5.37468e-08,1.0947
5.37700e-08,1.1174
5.37933e-08,1.1370
5.38166e-08,1.1545
5.38398e-08,1.1723
5.38631e-08,1.1870
5.38864e-08,1.1924
5.39096e-08,1.1886
5.39329e-08,1.1811
5.39562e-08,1.1748
5.39794e-08,1.1726
5.40027e-08,1.1758
5.40260e-08,1.1823
5.40492e-08,1.1881
5.40725e-08,1.1935
5.40958e-08,1.2026
5.41190e-08,1.2082
5.41423e-08,1.1895
5.41656e-08,1.1182
5.41888e-08,0.9980
5.42121e-08,0.8777
5.42354e-08,0.7650
5.42586e-08,0.6204
5.42819e-08,0.4345
5.43052e-08,0.2575
5.43284e-08,0.1207
5.43517e-08,0.0134
5.43750e-08,-0.0710
5.43982e-08,-0.1314
5.44215e-08,-0.1638
5.44448e-08,-0.1716
5.44680e-08,-0.1673
5.44913e-08,-0.1633
5.45146e-08,-0.1613
5.45378e-08,-0.1551
5.45611e-08,-0.1502
5.45844e-08,-0.1550
5.46076e-08,-0.1687
5.46309e-08,-0.1861
5.46542e-08,-0.2023
5.46775e-08,-0.2095
5.47007e-08,-0.1977
5.47240e-08,-0.1696
5.47473e-08,-0.1392
5.47705e-08,-0.1085
5.47938e-08,-0.0641
5.48171e-08,-0.0015
5.48403e-08,0.0621
5.48636e-08,0.1094
5.48869e-08,0.1390
5.49101e-08,0.1562
5.49334e-08,0.1613
5.49567e-08,0.1511
5.49799e-08,0.1271
5.50032e-08,0.0978
5.50265e-08,0.0721
5.50497e-08,0.0510
5.50730e-08,0.0316
5.50963e-08,0.0167
5.51195e-08,0.0128
5.51428e-08,0.0200
5.51661e-08,0.0323
5.51893e-08,0.0442
5.52126e-08,0.0521
5.52359e-08,0.0536
5.52591e-08,0.0495
5.52824e-08,0.0430
5.53057e-08,0.0342
5.53289e-08,0.0184
5.53522e-08,-0.0060
5.53755e-08,-0.0303
5.53987e-08,-0.0336
5.54220e-08,0.0128
5.54453e-08,0.1179
5.54685e-08,0.2405
5.54918e-08,0.3534
5.55151e-08,0.4865
5.55383e-08,0.6633
5.55616e-08,0.8488
5.55849e-08,1.0008
5.56081e-08,1.1185
5.56314e-08,1.2086
5.56547e-08,1.2687
5.56779e-08,1.2987
5.57012e-08,1.3044
5.57245e-08,1.2979
5.57477e-08,1.2912
5.57710e-08,1.2882
5.57943e-08,1.2826
5.58175e-08,1.2757
5.58408e-08,1.2778
5.58641e-08,1.2930
5.58873e-08,1.3167
5.59106e-08,1.3417
5.59339e-08,1.3585
5.59571e-08,1.3555
5.59804e-08,1.3324
5.60037e-08,1.3029
5.60269e-08,1.2748
5.60502e-08,1.2375
5.60735e-08,1.1814
5.60967e-08,1.1180
5.61200e-08,1.0671
5.61433e-08,1.0355
5.61665e-08,1.0207
5.61898e-08,1.0215
5.62131e-08,1.0387
5.62363e-08,1.0696
5.62596e-08,1.1056
5.62829e-08,1.1378
5.63061e-08,1.1636
5.63294e-08,1.1861
5.63527e-08,1.2043
5.63759e-08,1.2116
5.63992e-08,1.2051
5.64225e-08,1.1900
5.64457e-08,1.1736
5.64690e-08,1.1614
5.64923e-08,1.1570
5.65155e-08,1.1600
5.65388e-08,1.1663
5.65621e-08,1.1740
5.65853e-08,1.1870
5.66086e-08,1.2092
5.66319e-08,1.2366
5.66551e-08,1.2609
5.66784e-08,1.2767
5.67017e-08,1.2833
5.67249e-08,1.2812
5.67482e-08,1.2700
5.67715e-08,1.2507
5.67947e-08,1.2277
5.68180e-08,1.2060
5.68413e-08,1.1879
5.68645e-08,1.1727
5.68878e-08,1.1619
5.69111e-08,1.1595
5.69344e-08,1.1673
5.69576e-08,1.1816
5.69809e-08,1.1966
5.70042e-08,1.2086
5.70274e-08,1.2161
5.70507e-08,1.2197
5.70740e-08,1.2205
5.70972e-08,1.2189
5.71205e-08,1.2137
5.71438e-08,1.2039
5.71670e-08,1.1909
5.71903e-08,1.1783
5.72136e-08,1.1689
5.72368e-08,1.1642
5.72601e-08,1.1641
5.72834e-08,1.1688
5.73066e-08,1.1780
5.73299e-08,1.1899
5.73532e-08,1.2023
5.73764e-08,1.2139
5.73997e-08,1.2240
5.74230e-08,1.2312
5.74462e-08,1.2328
5.74695e-08,1.2276
5.74928e-08,1.2176
5.75160e-08,1.2065
5.75393e-08,1.1970
5.75626e-08,1.1901
5.75858e-08,1.1858
5.76091e-08,1.1840
5.76324e-08,1.1846
5.76556e-08,1.1879
5.76789e-08,1.1938
5.77022e-08,1.2013
5.77254e-08,1.2088
5.77487e-08,1.2147
5.77720e-08,1.2181
5.77952e-08,1.2188
5.78185e-08,1.2171
5.78418e-08,1.2127
5.78650e-08,1.1988
5.78883e-08,1.1610
5.79116e-08,1.0811
5.79348e-08,0.9545
5.79581e-08,0.8252
5.79814e-08,0.7141
5.80046e-08,0.5913
5.80279e-08,0.4320
5.80512e-08,0.2707
5.80744e-08,0.1455
5.80977e-08,0.0513
5.81210e-08,-0.0221
5.81442e-08,-0.0780
5.81675e-08,-0.1153
5.81908e-08,-0.1359
5.82140e-08,-0.1472
5.82373e-08,-0.1568
5.82606e-08,-0.1666
5.82838e-08,-0.1693
5.83071e-08,-0.1674
5.83304e-08,-0.1708
5.83536e-08,-0.1817
5.83769e-08,-0.1939
5.84002e-08,-0.2012
5.84234e-08,-0.1988
5.84467e-08,-0.1798
5.84700e-08,-0.1461
5.84932e-08,-0.1108
5.85165e-08,-0.0805
5.85398e-08,-0.0448
5.85630e-08,0.0054
5.85863e-08,0.0592
5.86096e-08,0.0990
5.86328e-08,0.1207
5.86561e-08,0.1299
5.86794e-08,0.1308
5.87026e-08,0.1227
5.87259e-08,0.1065
5.87492e-08,0.0870
5.87724e-08,0.0706
5.87957e-08,0.0578
5.88190e-08,0.0451
5.88422e-08,0.0333
5.88655e-08,0.0287
5.88888e-08,0.0334
5.89120e-08,0.0422
5.89353e-08,0.0488
5.89586e-08,0.0505
5.89818e-08,0.0464
5.90051e-08,0.0377
5.90284e-08,0.0282
5.90516e-08,0.0191
5.90749e-08,0.0066
5.90982e-08,-0.0126
5.91214e-08,-0.0327
5.91447e-08,-0.0360
5.91680e-08,0.0061
5.91912e-08,0.1102
5.92145e-08,0.2376
5.92378e-08,0.3528
5.92610e-08,0.4763
5.92843e-08,0.6417
5.93076e-08,0.8233
5.93309e-08,0.9760
5.93541e-08,1.0937
5.93774e-08,1.1842
5.94007e-08,1.2482
5.94239e-08,1.2836
5.94472e-08,1.2952
5.94705e-08,1.2937
5.94937e-08,1.2913
5.95170e-08,1.2929
5.95403e-08,1.2915
5.95635e-08,1.2861
5.95868e-08,1.2863
5.96101e-08,1.2983
5.96333e-08,1.3189
5.96566e-08,1.3414
5.96799e-08,1.3572
5.97031e-08,1.3545
5.97264e-08,1.3304
5.97497e-08,1.2981
5.97729e-08,1.2689
5.97962e-08,1.2353
5.98195e-08,1.1848
5.98427e-08,1.1247
5.98660e-08,1.0745
5.98893e-08,1.0434
5.99125e-08,1.0291
5.99358e-08,1.0290
5.99591e-08,1.0436
5.99823e-08,1.0713
6.00056e-08,1.1046
6.00289e-08,1.1344
6.00521e-08,1.1576
6.00754e-08,1.1777
6.00987e-08,1.1956
6.01219e-08,1.2049
6.01452e-08,1.2012
6.01685e-08,1.1884
6.01917e-08,1.1734
6.02150e-08,1.1622
6.02383e-08,1.1585
6.02615e-08,1.1625
6.02848e-08,1.1701
6.03081e-08,1.1782
6.03313e-08,1.1896
6.03546e-08,1.2059
6.03779e-08,1.2123
6.04011e-08,1.1835
6.04244e-08,1.0941
6.04477e-08,0.9711
6.04709e-08,0.8535
6.04942e-08,0.7285
6.05175e-08,0.5589
6.05407e-08,0.3628
6.05640e-08,0.1939
6.05873e-08,0.0648
6.06105e-08,-0.0362
6.06338e-08,-0.1124
6.06571e-08,-0.1602
6.06803e-08,-0.1782
6.07036e-08,-0.1746
6.07269e-08,-0.1637
6.07501e-08,-0.1566
6.07734e-08,-0.1506
6.07967e-08,-0.1429
6.08199e-08,-0.1415
6.08432e-08,-0.1515
6.08665e-08,-0.1698
6.08897e-08,-0.1908
6.09130e-08,-0.2089
6.09363e-08,-0.2136
6.09595e-08,-0.1975
6.09828e-08,-0.1687
6.10061e-08,-0.1386
6.10293e-08,-0.1023
6.10526e-08,-0.0469
6.10759e-08,0.0226
6.10991e-08,0.0854
6.11224e-08,0.1292
6.11457e-08,0.1562
6.11689e-08,0.1700
6.11922e-08,0.1687
6.12155e-08,0.1502
6.12387e-08,0.1195
6.12620e-08,0.0870
6.12853e-08,0.0601
6.13085e-08,0.0376
6.13318e-08,0.0183
6.13551e-08,0.0071
6.13783e-08,0.0088
6.14016e-08,0.0204
6.14249e-08,0.0352
6.14481e-08,0.0483
6.14714e-08,0.0563
6.14947e-08,0.0572
6.15179e-08,0.0529
6.15412e-08,0.0460
6.15645e-08,0.0344
6.15877e-08,0.0136
6.16110e-08,-0.0149
6.16343e-08,-0.0432
6.16576e-08,-0.0645
6.16808e-08,-0.0775
6.17041e-08,-0.0831
6.17273e-08,-0.0805
6.17506e-08,-0.0681
6.17739e-08,-0.0478
6.17972e-08,-0.0255
6.18204e-08,-0.0054
6.18437e-08,0.0118
6.18670e-08,0.0257
6.18902e-08,0.0330
6.19135e-08,0.0308
6.19368e-08,0.0206
6.19600e-08,0.0076
6.19833e-08,-0.0044
6.20066e-08,-0.0134
6.20298e-08,-0.0191
6.20531e-08,-0.0219
6.20764e-08,-0.0217
6.20996e-08,-0.0179
6.21229e-08,-0.0093
6.21462e-08,0.0033
6.21694e-08,0.0169
6.21927e-08,0.0284
6.22160e-08,0.0363
6.22392e-08,0.0404
6.22625e-08,0.0402
6.22858e-08,0.0349
6.23090e-08,0.0249
6.23323e-08,0.0125
6.23556e-08,-0.0000
6.23788e-08,-0.0117
6.24021e-08,-0.0214
6.24254e-08,-0.0268
6.24486e-08,-0.0259
6.24719e-08,-0.0194
6.24952e-08,-0.0100
6.25184e-08,-0.0008
6.25417e-08,0.0071
6.25650e-08,0.0131
6.25882e-08,0.0169
6.26115e-08,0.0181
6.26348e-08,0.0163
6.26580e-08,0.0117
6.26813e-08,0.0049
6.27046e-08,-0.0026
6.27278e-08,-0.0092
6.27511e-08,-0.0142
6.27744e-08,-0.0171
6.27976e-08,-0.0178
6.28209e-08,-0.0159
6.28442e-08,-0.0117
6.28674e-08,-0.0057
6.28907e-08,0.0012
6.29140e-08,0.0084
6.29372e-08,0.0149
6.29605e-08,0.0191
6.29838e-08,0.0197
6.30070e-08,0.0167
6.30303e-08,0.0113
6.30536e-08,0.0052
6.30768e-08,-0.0007
6.31001e-08,-0.0058
6.31234e-08,-0.0095
6.31466e-08,-0.0112
6.31699e-08,-0.0105
6.31932e-08,-0.0076
6.32164e-08,-0.0033
6.32397e-08,0.0015
6.32630e-08,0.0059
6.32862e-08,0.0091
6.33095e-08,0.0110
6.33328e-08,0.0116
6.33560e-08,0.0109
6.33793e-08,0.0090
6.34026e-08,0.0062
6.34258e-08,0.0026
6.34491e-08,-0.0015
6.34724e-08,-0.0054
6.34956e-08,-0.0083
6.35189e-08,-0.0094
6.35422e-08,-0.0085
6.35654e-08,-0.0060
6.35887e-08,-0.0026
6.36120e-08,0.0011
6.36352e-08,0.0048
6.36585e-08,0.0079
6.36818e-08,0.0098
6.37050e-08,0.0100
6.37283e-08,0.0085
6.37516e-08,0.0059
6.37748e-08,0.0026
6.37981e-08,-0.0006
6.38214e-08,-0.0030
6.38446e-08,-0.0045
6.38679e-08,-0.0049
6.38912e-08,-0.0045
6.39144e-08,-0.0034
6.39377e-08,-0.0018
6.39610e-08,0.0002
6.39843e-08,0.0024
6.40075e-08,0.0046
6.40308e-08,0.0063
6.40540e-08,0.0072
6.40773e-08,0.0071
6.41006e-08,0.0062
6.41239e-08,0.0046
6.41471e-08,0.0026
6.41704e-08,0.0003
6.41936e-08,-0.0019
6.42169e-08,-0.0036
6.42402e-08,-0.0043
6.42635e-08,-0.0039
6.42867e-08,-0.0025
6.43100e-08,-0.0004
6.43333e-08,0.0018
6.43565e-08,0.0037
6.43798e-08,0.0050
6.44031e-08,0.0056
6.44263e-08,0.0054
6.44496e-08,0.0048
6.44729e-08,0.0037
6.44961e-08,0.0023
6.45194e-08,0.0009
6.45427e-08,-0.0004
6.45659e-08,-0.0013
6.45892e-08,-0.0018
6.46125e-08,-0.0018
6.46357e-08,-0.0014
6.46590e-08,-0.0007
6.46823e-08,0.0003
6.47055e-08,0.0015
6.47288e-08,0.0028
6.47521e-08,0.0039
6.47753e-08,0.0047
6.47986e-08,0.0048
6.48219e-08,0.0043
6.48451e-08,0.0033
6.48684e-08,0.0019
6.48917e-08,0.0006
6.49149e-08,-0.0005
6.49382e-08,-0.0012
6.49615e-08,-0.0014
6.49847e-08,-0.0011
6.50080e-08,-0.0004
6.50313e-08,0.0006
6.50545e-08,0.0016
6.50778e-08,0.0025
6.51011e-08,0.0032
6.51243e-08,0.0034
6.51476e-08,0.0034
6.51709e-08,0.0031
6.51941e-08,0.0027
6.52174e-08,0.0022
6.52407e-08,0.0016
6.52639e-08,0.0009
6.52872e-08,0.0003
6.53105e-08,-0.0002
6.53337e-08,-0.0004
6.53570e-08,-0.0000
6.53803e-08,0.0049
6.54035e-08,0.0284
6.54268e-08,0.0949
6.54501e-08,0.2066
6.54733e-08,0.3219
6.54966e-08,0.4230
6.55199e-08,0.5435
6.55431e-08,0.7010
6.55664e-08,0.8598
6.55897e-08,0.9874
6.56129e-08,1.0878
6.56362e-08,1.1674
6.56595e-08,1.2261
6.56827e-08,1.2636
6.57060e-08,1.2823
6.57293e-08,1.2899
6.57525e-08,1.2950
6.57758e-08,1.2989
6.57991e-08,1.2966
6.58223e-08,1.2917
6.58456e-08,1.2937
6.58689e-08,1.3034
6.58921e-08,1.3161
6.59154e-08,1.3276
6.59387e-08,1.3316
6.59619e-08,1.3197
6.59852e-08,1.2938
6.60085e-08,1.2673
6.60317e-08,1.2449
6.60550e-08,1.2148
6.60783e-08,1.1695
6.61015e-08,1.1207
6.61248e-08,1.0843
6.61481e-08,1.0641
6.61713e-08,1.0556
6.61946e-08,1.0566
6.62179e-08,1.0681
6.62411e-08,1.0892
6.62644e-08,1.1139
6.62877e-08,1.1361
6.63110e-08,1.1548
6.63342e-08,1.1729
6.63575e-08,1.1884
6.63807e-08,1.1952
6.64040e-08,1.1919
6.64273e-08,1.1837
6.64506e-08,1.1756
6.64738e-08,1.1711
6.64971e-08,1.1721
6.65204e-08,1.1775
6.65436e-08,1.1836
6.65669e-08,1.1895
6.65902e-08,1.1991
6.66134e-08,1.2094
6.66367e-08,1.2008
6.66600e-08,1.1471
6.66832e-08,1.0370
6.67065e-08,0.9120
6.67298e-08,0.7964
6.67530e-08,0.6629
6.67763e-08,0.4853
6.67996e-08,0.2988
6.68228e-08,0.1478
6.68461e-08,0.0323
6.68694e-08,-0.0577
6.68926e-08,-0.1237
6.69159e-08,-0.1619
6.69392e-08,-0.1737
6.69624e-08,-0.1700
6.69857e-08,-0.1635
6.70090e-08,-0.1605
6.70322e-08,-0.1549
6.70555e-08,-0.1486
6.70788e-08,-0.1499
6.71020e-08,-0.1619
6.71253e-08,-0.1799
6.71486e-08,-0.1982
6.71718e-08,-0.2099
6.71951e-08,-0.2044
6.72184e-08,-0.1801
6.72416e-08,-0.1489
6.72649e-08,-0.1182
6.72882e-08,-0.0783
6.73114e-08,-0.0195
6.73347e-08,0.0470
6.73580e-08,0.1013
6.73812e-08,0.1365
6.74045e-08,0.1568
6.74278e-08,0.1648
6.74510e-08,0.1579
6.74743e-08,0.1360
6.74976e-08,0.1063
6.75208e-08,0.0781
6.75441e-08,0.0552
6.75674e-08,0.0351
6.75906e-08,0.0183
6.76139e-08,0.0110
6.76372e-08,0.0158
6.76604e-08,0.0282
6.76837e-08,0.0415
6.77070e-08,0.0514
6.77302e-08,0.0552
6.77535e-08,0.0525
6.77768e-08,0.0464
6.78000e-08,0.0383
6.78233e-08,0.0247
6.78466e-08,0.0021
6.78698e-08,-0.0258
6.78931e-08,-0.0507
6.79164e-08,-0.0675
6.79396e-08,-0.0765
6.79629e-08,-0.0785
6.79862e-08,-0.0724
6.80094e-08,-0.0577
6.80327e-08,-0.0377
6.80560e-08,-0.0176
6.80792e-08,-0.0002
6.81025e-08,0.0148
6.81258e-08,0.0263
6.81490e-08,0.0305
6.81723e-08,0.0256
6.81956e-08,0.0146
6.82188e-08,0.0025
6.82421e-08,-0.0074
6.82654e-08,-0.0141
6.82886e-08,-0.0179
6.83119e-08,-0.0191
6.83352e-08,-0.0179
6.83584e-08,-0.0129
6.83817e-08,-0.0033
6.84050e-08,0.0093
6.84282e-08,0.0216
6.84515e-08,0.0311
6.84748e-08,0.0368
6.84980e-08,0.0388
6.85213e-08,0.0365
6.85446e-08,0.0297
6.85679e-08,0.0194
6.85911e-08,0.0078
6.86144e-08,-0.0035
6.86376e-08,-0.0137
6.86609e-08,-0.0216
6.86842e-08,-0.0248
6.87075e-08,-0.0219
6.87307e-08,-0.0144
6.87540e-08,-0.0055
6.87773e-08,0.0026
6.88005e-08,0.0090
6.88238e-08,0.0136
6.88471e-08,0.0163
6.88703e-08,0.0165
6.88936e-08,0.0140
6.89169e-08,0.0088
6.89401e-08,0.0021
6.89634e-08,-0.0049
6.89867e-08,-0.0106
6.90099e-08,-0.0143
6.90332e-08,-0.0160
6.90565e-08,-0.0156
6.90797e-08,-0.0130
6.91030e-08,-0.0082
6.91263e-08,0.0009
6.91495e-08,0.0248
6.91728e-08,0.0861
6.91961e-08,0.1961
6.92193e-08,0.3152
6.92426e-08,0.4163
6.92659e-08,0.5254
6.92891e-08,0.6720
6.93124e-08,0.8291
6.93357e-08,0.9591
6.93589e-08,1.0611
6.93822e-08,1.1427
6.94055e-08,1.2058
6.94287e-08,1.2495
6.94520e-08,1.2749
6.94753e-08,1.2882
6.94985e-08,1.2973
6.95218e-08,1.3054
6.95451e-08,1.3061
6.95683e-08,1.3015
6.95916e-08,1.3009
6.96149e-08,1.3076
6.96381e-08,1.3176
6.96614e-08,1.3266
6.96847e-08,1.3295
6.97079e-08,1.3178
6.97312e-08,1.2912
6.97545e-08,1.2627
6.97777e-08,1.2406
6.98010e-08,1.2154
6.98243e-08,1.1759
6.98475e-08,1.1296
6.98708e-08,1.0931
6.98941e-08,1.0726
6.99173e-08,1.0638
6.99406e-08,1.0633
6.99639e-08,1.0717
6.99871e-08,1.0890
7.00104e-08,1.1107
7.00337e-08,1.1308
7.00569e-08,1.1475
7.00802e-08,1.1641
7.01035e-08,1.1802
7.01267e-08,1.1895
7.01500e-08,1.1890
7.01733e-08,1.1828
7.01965e-08,1.1762
7.02198e-08,1.1727
7.02431e-08,1.1745
7.02663e-08,1.1808
7.02896e-08,1.1877
7.03129e-08,1.1933
7.03361e-08,1.2009
7.03594e-08,1.2100
7.03827e-08,1.2040
7.04059e-08,1.1574
7.04292e-08,1.0516
7.04525e-08,0.9259
7.04757e-08,0.8118
7.04990e-08,0.6848
7.05223e-08,0.5127
7.05455e-08,0.3258
7.05688e-08,0.1726
7.05921e-08,0.0548
7.06153e-08,-0.0383
7.06386e-08,-0.1084
7.06619e-08,-0.1521
7.06851e-08,-0.1689
7.07084e-08,-0.1683
7.07317e-08,-0.1633
7.07550e-08,-0.1617
7.07782e-08,-0.1579
7.08015e-08,-0.1516
7.08247e-08,-0.1521
7.08480e-08,-0.1628
7.08713e-08,-0.1794
7.08946e-08,-0.1967
7.09178e-08,-0.2089
7.09411e-08,-0.2055
7.09643e-08,-0.1824
7.09876e-08,-0.1510
7.10109e-08,-0.1208
7.10342e-08,-0.0835
7.10574e-08,-0.0274
7.10807e-08,0.0383
7.11040e-08,0.0933
7.11272e-08,0.1295
7.11505e-08,0.1510
7.11738e-08,0.1609
7.11970e-08,0.1568
7.12203e-08,0.1377
7.12436e-08,0.1094
7.12668e-08,0.0817
7.12901e-08,0.0594
7.13134e-08,0.0397
7.13366e-08,0.0225
7.13599e-08,0.0137
7.13832e-08,0.0169
7.14064e-08,0.0279
7.14297e-08,0.0404
7.14530e-08,0.0503
7.14762e-08,0.0545
7.14995e-08,0.0522
7.15228e-08,0.0461
7.15460e-08,0.0384
7.15693e-08,0.0258
7.15926e-08,0.0046
7.16158e-08,-0.0225
7.16391e-08,-0.0474
7.16624e-08,-0.0645
7.16856e-08,-0.0739
7.17089e-08,-0.0768
7.17322e-08,-0.0721
7.17554e-08,-0.0588
7.17787e-08,-0.0397
7.18020e-08,-0.0201
7.18252e-08,-0.0030
7.18485e-08,0.0117
7.18718e-08,0.0235
7.18950e-08,0.0288
7.19183e-08,0.0252
7.19416e-08,0.0152
7.19648e-08,0.0036
7.19881e-08,-0.0061
7.20114e-08,-0.0129
7.20346e-08,-0.0168
7.20579e-08,-0.0182
7.20812e-08,-0.0173
7.21044e-08,-0.0130
7.21277e-08,-0.0041
7.21510e-08,0.0080
7.21742e-08,0.0201
7.21975e-08,0.0296
7.22208e-08,0.0355
7.22440e-08,0.0378
7.22673e-08,0.0362
7.22906e-08,0.0300
7.23138e-08,0.0202
7.23371e-08,0.0090
7.23604e-08,-0.0018
7.23836e-08,-0.0118
7.24069e-08,-0.0199
7.24302e-08,-0.0236
7.24534e-08,-0.0215
7.24767e-08,-0.0147
7.25000e-08,-0.0062
7.25232e-08,0.0016
7.25465e-08,0.0079
7.25698e-08,0.0126
7.25930e-08,0.0154
7.26163e-08,0.0160
7.26396e-08,0.0139
7.26628e-08,0.0092
7.26861e-08,0.0028
7.27094e-08,-0.0040
7.27326e-08,-0.0097
7.27559e-08,-0.0135
7.27792e-08,-0.0154
7.28024e-08,-0.0153
7.28257e-08,-0.0129
7.28490e-08,-0.0085
7.28722e-08,-0.0008
7.28955e-08,0.0191
7.29188e-08,0.0710
7.29420e-08,0.1744
7.29653e-08,0.2946
7.29886e-08,0.3962
7.30118e-08,0.5003
7.30351e-08,0.6424
7.30584e-08,0.8015
7.30816e-08,0.9359
7.31049e-08,1.0423
7.31282e-08,1.1283
7.31514e-08,1.1953
7.31747e-08,1.2430
7.31980e-08,1.2716
7.32213e-08,1.2865
7.32445e-08,1.2959
7.32678e-08,1.3046
7.32910e-08,1.3067
7.33143e-08,1.3019
7.33376e-08,1.3002
7.33609e-08,1.3060
7.33841e-08,1.3156
7.34074e-08,1.3248
7.34307e-08,1.3294
7.34539e-08,1.3210
7.34772e-08,1.2964
7.35005e-08,1.2677
7.35237e-08,1.2453
7.35470e-08,1.2220
7.35703e-08,1.1846
7.35935e-08,1.1380
7.36168e-08,1.0993
7.36401e-08,1.0761
7.36633e-08,1.0652
7.36866e-08,1.0628
7.37099e-08,1.0691
7.37331e-08,1.0849
7.37564e-08,1.1064
7.37797e-08,1.1270
7.38029e-08,1.1441
7.38262e-08,1.1608
7.38495e-08,1.1777
7.38727e-08,1.1886
7.38960e-08,1.1897
7.39193e-08,1.1841
7.39425e-08,1.1775
7.39658e-08,1.1734
7.39891e-08,1.1740
7.40123e-08,1.1796
7.40356e-08,1.1865
7.40589e-08,1.1920
7.40821e-08,1.1988
7.41054e-08,1.2085
7.41287e-08,1.2065
7.41519e-08,1.1691
7.41752e-08,1.0726
7.41985e-08,0.9469
7.42217e-08,0.8314
7.42450e-08,0.7108
7.42683e-08,0.5469
7.42915e-08,0.3581
7.43148e-08,0.1974
7.43381e-08,0.0749
7.43613e-08,-0.0219
7.43846e-08,-0.0966
7.44079e-08,-0.1456
7.44311e-08,-0.1670
7.44544e-08,-0.1687
7.44777e-08,-0.1639
7.45009e-08,-0.1620
7.45242e-08,-0.1591
7.45475e-08,-0.1526
7.45707e-08,-0.1513
7.45940e-08,-0.1603
7.46173e-08,-0.1762
7.46405e-08,-0.1937
7.46638e-08,-0.2073
7.46871e-08,-0.2071
7.47103e-08,-0.1870
7.47336e-08,-0.1561
7.47569e-08,-0.1260
7.47801e-08,-0.0914
7.48034e-08,-0.0389
7.48267e-08,0.0266
7.48499e-08,0.0846
7.48732e-08,0.1238
7.48965e-08,0.1474
7.49197e-08,0.1595
7.49430e-08,0.1583
7.49663e-08,0.1418
7.49895e-08,0.1146
7.50128e-08,0.0864
7.50361e-08,0.0633
7.50593e-08,0.0434
7.50826e-08,0.0254
7.51059e-08,0.0145
7.51291e-08,0.0157
7.51524e-08,0.0258
7.51757e-08,0.0384
7.51989e-08,0.0488
7.52222e-08,0.0541
7.52455e-08,0.0527
7.52687e-08,0.0471
7.52920e-08,0.0398
7.53153e-08,0.0287
7.53385e-08,0.0091
7.53618e-08,-0.0169
7.53851e-08,-0.0355
7.54083e-08,-0.0211
7.54316e-08,0.0547
7.54549e-08,0.1749
7.54781e-08,0.2931
7.55014e-08,0.4090
7.55247e-08,0.5624
7.55480e-08,0.7501
7.55712e-08,0.9235
7.55945e-08,1.0591
7.56177e-08,1.1640
7.56410e-08,1.2407
7.56643e-08,1.2870
7.56876e-08,1.3049
7.57108e-08,1.3031
7.57341e-08,1.2950
7.57573e-08,1.2904
7.57806e-08,1.2869
7.58039e-08,1.2796
7.58272e-08,1.2755
7.58504e-08,1.2835
7.58737e-08,1.3032
7.58970e-08,1.3284
7.59202e-08,1.3515
7.59435e-08,1.3608
7.59668e-08,1.3476
7.59900e-08,1.3193
7.60133e-08,1.2905
7.60366e-08,1.2604
7.60598e-08,1.2148
7.60831e-08,1.1528
7.61064e-08,1.0928
7.61296e-08,1.0505
7.61529e-08,1.0270
7.61762e-08,1.0192
7.61994e-08,1.0273
7.62227e-08,1.0515
7.62460e-08,1.0861
7.62692e-08,1.1214
7.62925e-08,1.1504
7.63158e-08,1.1743
7.63390e-08,1.1956
7.63623e-08,1.2098
7.63856e-08,1.2108
7.64088e-08,1.1995
7.64321e-08,1.1829
7.64554e-08,1.1676
7.64786e-08,1.1585
7.65019e-08,1.1579
7.65252e-08,1.1630
7.65484e-08,1.1698
7.65717e-08,1.1791
7.65950e-08,1.1953
7.66182e-08,1.2107
7.66415e-08,1.2024
7.66648e-08,1.1416
7.66880e-08,1.0285
7.67113e-08,0.9073
7.67346e-08,0.7898
7.67578e-08,0.6411
7.67811e-08,0.4495
7.68044e-08,0.2617
7.68276e-08,0.1138
7.68509e-08,-0.0005
7.68742e-08,-0.0885
7.68974e-08,-0.1492
7.69207e-08,-0.1788
7.69440e-08,-0.1814
7.69672e-08,-0.1704
7.69905e-08,-0.1595
7.70138e-08,-0.1524
7.70370e-08,-0.1438
7.70603e-08,-0.1377
7.70836e-08,-0.1421
7.71068e-08,-0.1575
7.71301e-08,-0.1789
7.71534e-08,-0.2003
7.71766e-08,-0.2133
7.71999e-08,-0.2071
7.72232e-08,-0.1830
7.72464e-08,-0.1535
7.72697e-08,-0.1217
7.72930e-08,-0.0754
7.73162e-08,-0.0096
7.73395e-08,0.0596
7.73628e-08,0.1135
7.73860e-08,0.1486
7.74093e-08,0.1690
7.74326e-08,0.1751
7.74558e-08,0.1636
7.74791e-08,0.1364
7.75024e-08,0.1025
7.75256e-08,0.0718
7.75489e-08,0.0467
7.75722e-08,0.0249
7.75954e-08,0.0088
7.76187e-08,0.0045
7.76420e-08,0.0126
7.76652e-08,0.0274
7.76885e-08,0.0425
7.77118e-08,0.0538
7.77350e-08,0.0583
7.77583e-08,0.0563
7.77816e-08,0.0509
7.78048e-08,0.0421
7.78281e-08,0.0257
7.78514e-08,-0.0002
7.78747e-08,-0.0273
7.78979e-08,-0.0353
7.79212e-08,0.0057
7.79444e-08,0.1103
7.79677e-08,0.2327
7.79910e-08,0.3446
7.80143e-08,0.4774
7.80375e-08,0.6587
7.80608e-08,0.8489
7.80840e-08,1.0035
7.81073e-08,1.1237
7.81306e-08,1.2152
7.81539e-08,1.2761
7.81771e-08,1.3057
7.82004e-08,1.3095
7.82237e-08,1.3001
7.82469e-08,1.2907
7.82702e-08,1.2862
7.82935e-08,1.2792
7.83167e-08,1.2713
7.83400e-08,1.2734
7.83633e-08,1.2892
7.83865e-08,1.3139
7.84098e-08,1.3403
7.84331e-08,1.3595
7.84563e-08,1.3589
7.84796e-08,1.3369
7.85029e-08,1.3079
7.85261e-08,1.2804
7.85494e-08,1.2431
7.85727e-08,1.1852
7.85959e-08,1.1193
7.86192e-08,1.0661
7.86425e-08,1.0329
7.86657e-08,1.0168
7.86890e-08,1.0167
7.87123e-08,1.0339
7.87355e-08,1.0660
7.87588e-08,1.1041
7.87821e-08,1.1382
7.88053e-08,1.1653
7.88286e-08,1.1888
7.88519e-08,1.2079
7.88751e-08,1.2153
7.88984e-08,1.2083
7.89217e-08,1.1923
7.89449e-08,1.1750
7.89682e-08,1.1615
7.89915e-08,1.1559
7.90147e-08,1.1582
7.90380e-08,1.1640
7.90613e-08,1.1714
7.90845e-08,1.1842
7.91078e-08,1.2026
7.91311e-08,1.2084
7.91543e-08,1.1752
7.91776e-08,1.0813
7.92009e-08,0.9605
7.92241e-08,0.8462
7.92474e-08,0.7176
7.92707e-08,0.5406
7.92939e-08,0.3426
7.93172e-08,0.1766
7.93405e-08,0.0490
7.93637e-08,-0.0512
7.93870e-08,-0.1256
7.94103e-08,-0.1700
7.94335e-08,-0.1835
7.94568e-08,-0.1765
7.94801e-08,-0.1638
7.95033e-08,-0.1554
7.95266e-08,-0.1471
7.95499e-08,-0.1381
7.95731e-08,-0.1372
7.95964e-08,-0.1484
7.96197e-08,-0.1679
7.96429e-08,-0.1899
7.96662e-08,-0.2082
7.96895e-08,-0.2117
7.97127e-08,-0.1947
7.97360e-08,-0.1670
7.97593e-08,-0.1382
7.97825e-08,-0.1007
7.98058e-08,-0.0424
7.98291e-08,0.0287
7.98523e-08,0.0908
7.98756e-08,0.1339
7.98989e-08,0.1609
7.99221e-08,0.1745
7.99454e-08,0.1716
7.99687e-08,0.1509
7.99919e-08,0.1185
8.00152e-08,0.0854
8.00385e-08,0.0578
8.00617e-08,0.0342
8.00850e-08,0.0143
8.01083e-08,0.0040
8.01315e-08,0.0072
8.01548e-08,0.0200
8.01781e-08,0.0354
8.02013e-08,0.0488
8.02246e-08,0.0567
8.02479e-08,0.0575
8.02711e-08,0.0537
8.02944e-08,0.0472
8.03177e-08,0.0350
8.03410e-08,0.0130
8.03642e-08,-0.0155
8.03875e-08,-0.0351
8.04108e-08,-0.0188
8.04340e-08,0.0608
8.04573e-08,0.1808
8.04806e-08,0.2974
8.05038e-08,0.4165
8.05271e-08,0.5772
8.05504e-08,0.7691
8.05736e-08,0.9424
8.05969e-08,1.0776
8.06202e-08,1.1812
8.06434e-08,1.2551
8.06667e-08,1.2973
8.06900e-08,1.3107
8.07132e-08,1.3052
8.07365e-08,1.2945
8.07598e-08,1.2879
8.07830e-08,1.2822
8.08063e-08,1.2738
8.08296e-08,1.2704
8.08528e-08,1.2802
8.08761e-08,1.3018
8.08994e-08,1.3287
8.09226e-08,1.3527
8.09459e-08,1.3617
8.09692e-08,1.3479
8.09924e-08,1.3203
8.10157e-08,1.2924
8.10390e-08,1.2611
8.10622e-08,1.2124
8.10855e-08,1.1478
8.11088e-08,1.0869
8.11320e-08,1.0444
8.11553e-08,1.0211
8.11786e-08,1.0142
8.12018e-08,1.0242
8.12251e-08,1.0507
8.12484e-08,1.0875
8.12716e-08,1.1242
8.12949e-08,1.1544
8.13182e-08,1.1794
8.13414e-08,1.2009
8.13647e-08,1.2142
8.13880e-08,1.2133
8.14112e-08,1.2002
8.14345e-08,1.1824
8.14578e-08,1.1665
8.14810e-08,1.1572
8.15043e-08,1.1565
8.15276e-08,1.1613
8.15508e-08,1.1678
8.15741e-08,1.1777
8.15974e-08,1.1960
8.16206e-08,1.2229
8.16439e-08,1.2509
8.16672e-08,1.2721
8.16904e-08,1.2838
8.17137e-08,1.2863
8.17370e-08,1.2795
8.17602e-08,1.2632
8.17835e-08,1.2402
8.18068e-08,1.2162
8.18300e-08,1.1953
8.18533e-08,1.1778
8.18766e-08,1.1638
8.18998e-08,1.1569
8.19231e-08,1.1604
8.19464e-08,1.1731
8.19696e-08,1.1894
8.19929e-08,1.2039
8.20162e-08,1.2142
8.20394e-08,1.2199
8.20627e-08,1.2221
8.20860e-08,1.2218
8.21092e-08,1.2184
8.21325e-08,1.2105
8.21558e-08,1.1981
8.21790e-08,1.1842
8.22023e-08,1.1725
8.22256e-08,1.1650
8.22488e-08,1.1624
8.22721e-08,1.1646
8.22954e-08,1.1719
8.23186e-08,1.1832
8.23419e-08,1.1962
8.23652e-08,1.2090
8.23884e-08,1.2206
8.24117e-08,1.2301
8.24350e-08,1.2349
8.24583e-08,1.2327
8.24815e-08,1.2241
8.25048e-08,1.2125
8.25280e-08,1.2014
8.25513e-08,1.1927
8.25746e-08,1.1868
8.25979e-08,1.1836
8.26211e-08,1.1831
8.26444e-08,1.1852
8.26677e-08,1.1902
8.26909e-08,1.1975
8.27142e-08,1.2057
8.27375e-08,1.2128
8.27607e-08,1.2176
8.27840e-08,1.2198
8.28073e-08,1.2193
8.28305e-08,1.2164
8.28538e-08,1.2114
8.28771e-08,1.2050
8.29003e-08,1.1979
8.29236e-08,1.1908
8.29469e-08,1.1844
8.29701e-08,1.1806
8.29934e-08,1.1808
8.30167e-08,1.1852
8.30399e-08,1.1921
8.30632e-08,1.1994
8.30865e-08,1.2059
8.31097e-08,1.2109
